open_time,open,high,low,close,volume,close_time,quote_volume,count,taker_buy_base_volume,taker_buy_quote_volume
1676505600000,24327.0,24359.68,24326.89,24339.21,3.062832,1676505659999,74558.5958511,90,2.335956,56862.63618904
1676505660000,24327.34,24328.0,24286.16,24303.21,5.35894,1676505719999,130220.48293458,89,1.138883,27672.31144572
1676505720000,24311.58,24416.9,24289.39,24292.95,22.803249,1676505779999,555895.98152682,288,17.850386,435195.61190325
1676505780000,24293.63,24315.81,24276.34,24301.2,3.356616,1676505839999,81553.18490955,78,1.742459,42338.07796251
1676505840000,24324.87,24346.42,24312.51,24328.82,4.291687,1676505899999,104426.68868049,77,0.697767,16981.91531769
1676505900000,24333.03,24366.63,24333.03,24356.53,6.027576,1676505959999,146795.82218232,73,3.146115,76625.30583697
1676505960000,24349.35,24386.61,24341.78,24361.1,7.364767,1676506019999,179478.60615278,130,2.09144,50980.1787298
1676506020000,24360.77,24381.64,24357.54,24377.39,5.296847,1676506079999,129098.12708765,95,3.156902,76942.00210573
1676506080000,24375.97,24375.97,24352.03,24352.05,0.797924,1676506139999,19440.69109813,47,0.127953,3117.98983679
1676506140000,24352.05,24408.43,24352.05,24397.28,3.145564,1676506199999,76722.84876446,67,2.271075,55394.80338492
1676506200000,24403.61,24440.11,24377.63,24405.91,7.77482,1676506259999,189791.64600601,147,5.020785,122568.14832469
1676506260000,24405.56,24572.63,24397.72,24518.47,17.399751,1676506319999,425902.27526115,282,14.391458,352347.01895158
1676506320000,24518.47,24638.1,24493.52,24617.19,25.963307,1676506379999,638041.71561924,435,10.968216,269724.85666269
1676506380000,24590.52,24620.56,24573.74,24584.61,9.136354,1676506439999,224668.07779425,162,1.156829,28454.6540796
1676506440000,24597.74,24610.0,24584.61,24599.84,4.658615,1676506499999,114595.72026894,75,2.585079,63603.35095954
1676506500000,24601.94,24679.68,24601.94,24631.48,12.625932,1676506559999,311177.46389181,204,7.640418,188330.11083014
1676506560000,24645.92,24782.29,24645.92,24748.19,43.681684,1676506619999,1079715.0137332,458,24.362101,602057.18062737
1676506620000,24756.39,24762.81,24705.02,24759.47,8.701182,1676506679999,215209.05165611,149,3.4711,85866.20003695
1676506680000,24747.1,24772.7,24734.07,24762.35,5.139073,1676506739999,127219.55395286,102,3.019235,74749.71518468
1676506740000,24768.78,24839.54,24749.58,24805.12,12.412573,1676506799999,307850.50096957,221,6.792331,168475.72912249
1676506800000,24803.99,24824.39,24753.88,24778.08,6.737519,1676506859999,167018.27732915,114,1.970128,48869.93287219
1676506860000,24775.3,24843.01,24761.44,24843.01,8.047142,1676506919999,199508.85756748,131,5.517964,136828.974404
1676506920000,24843.08,24896.86,24821.41,24821.41,16.578815,1676506979999,412147.35747242,301,6.228101,154879.62561338
1676506980000,24825.85,24843.53,24779.63,24802.41,13.301665,1676507039999,330048.89791709,182,7.947186,197242.1466312
1676507040000,24804.19,24828.61,24784.45,24784.45,4.181613,1676507099999,103724.67046228,91,2.294701,56926.49363898
1676507100000,24792.06,24851.28,24774.46,24821.87,6.636905,1676507159999,164717.4039226,112,3.863012,95875.70303337
1676507160000,24825.51,24827.23,24802.45,24808.4,2.906545,1676507219999,72128.34642562,62,1.597436,39644.51827273
1676507220000,24802.38,24818.71,24786.62,24797.2,3.849334,1676507279999,95463.5787954,74,1.675587,41560.84400098
1676507280000,24799.81,24804.62,24766.64,24767.18,5.562453,1676507339999,137860.89563197,75,2.781515,68946.38049859
1676507340000,24775.99,24786.26,24752.09,24760.36,3.836781,1676507399999,95030.01648572,46,1.669426,41360.49542
1676507400000,24766.81,24789.58,24734.54,24735.6,8.739902,1676507459999,216412.23455124,120,3.856748,95509.06979566
1676507460000,24745.53,24775.05,24712.04,24754.98,7.725271,1676507519999,191074.075495,137,3.381382,83656.72696691
1676507520000,24754.52,24761.78,24728.77,24735.87,0.164622,1676507579999,4074.82671504,21,0.105662,2616.04476474
1676507580000,24727.45,24738.31,24711.03,24721.47,1.485037,1676507639999,36718.10422103,93,0.276274,6833.21938277
1676507640000,24734.48,24738.6,24660.87,24673.73,5.714667,1676507699999,141089.12737397,134,1.78043,43957.97455766
1676507700000,24672.24,24686.53,24644.79,24661.77,6.229074,1676507759999,153635.81695832,116,3.560671,87826.55503661
1676507760000,24659.01,24698.81,24659.01,24698.81,1.186318,1676507819999,29269.01856548,23,0.496252,12246.27749652
1676507820000,24685.63,24686.45,24653.15,24671.63,1.235094,1676507879999,30471.48051856,18,0.516462,12739.98420357
1676507880000,24652.52,24659.01,24610.78,24613.98,4.423629,1676507939999,108949.57222116,87,0.635858,15660.06024087
1676507940000,24613.98,24631.13,24585.12,24631.13,4.703328,1676507999999,115713.76265665,78,1.819463,44772.76683027
1676508000000,24624.85,24657.44,24622.24,24657.44,0.908787,1676508059999,22386.65240315,22,0.062797,1546.93447927
1676508060000,24656.52,24664.41,24625.86,24625.86,1.291829,1676508119999,31832.83317402,28,0.682646,16823.36132289
1676508120000,24631.08,24641.78,24626.74,24635.84,0.242255,1676508179999,5968.13153988,4,0.237255,5844.99783988
1676508180000,24650.06,24673.11,24650.06,24661.9,6.457453,1676508239999,159262.72729731,86,4.386254,108184.53014927
1676508240000,24661.89,24662.54,24653.82,24662.54,0.397596,1676508299999,9805.60776545,9,0.221716,5468.05745276
1676508300000,24669.58,24673.85,24665.76,24670.01,0.551234,1676508359999,13598.05794308,11,0.55022,13573.04686244
1676508360000,24670.01,24670.01,24641.54,24646.35,0.951168,1676508419999,23444.51323004,18,0.458351,11295.39126712
1676508420000,24630.24,24630.24,24603.05,24609.23,1.014985,1676508479999,24977.98294524,17,0.683689,16825.05073134
1676508480000,24610.31,24618.19,24570.97,24583.34,7.492343,1676508539999,184202.44811294,119,4.929905,121205.007509
1676508540000,24584.31,24612.56,24583.28,24608.38,1.604074,1676508599999,39460.15757754,19,0.442187,10881.58667485
1676508600000,24619.76,24619.76,24601.59,24601.59,0.922353,1676508659999,22697.33614022,15,0.280624,6908.10111584
1676508660000,24612.8,24612.8,24592.2,24592.2,1.842891,1676508719999,45324.05974707,16,0.07618,1875.003104
1676508720000,24587.45,24593.21,24574.79,24584.16,4.002376,1676508779999,98381.12959404,36,0.998067,24537.49682341
1676508780000,24574.73,24584.41,24556.87,24556.87,1.135103,1676508839999,27888.55585437,49,0.338119,8311.44654715
1676508840000,24565.18,24582.34,24565.18,24566.87,1.341909,1676508899999,32976.73008203,36,0.415305,10206.5073657
1676508900000,24578.44,24614.93,24575.81,24604.01,5.828978,1676508959999,143359.38732255,76,5.302422,130410.764632
1676508960000,24603.36,24606.08,24579.0,24588.12,1.279126,1676509019999,31456.5963513,52,0.276581,6799.32050188
1676509020000,24597.32,24597.32,24597.32,24597.32,0.019885,1676509079999,489.1177082,1,0.019885,489.1177082
1676509080000,24605.99,24605.99,24591.73,24592.63,0.450718,1676509139999,11084.6647255,18,0.001352,33.26729848
1676509140000,24593.03,24593.03,24572.8,24582.32,1.520399,1676509199999,37371.55389593,44,0.252288,6201.3178466
1676509200000,24576.28,24595.35,24572.82,24586.75,0.437605,1676509259999,10759.23058108,27,0.267181,6570.34032609
1676509260000,24583.2,24583.2,24555.34,24570.33,2.018015,1676509319999,49578.27896033,74,0.293649,7215.5337423
1676509320000,24567.27,24575.26,24561.78,24563.65,1.132495,1676509379999,27822.74598272,34,0.391965,9631.55865045
1676509380000,24569.86,24601.4,24569.86,24591.54,3.420767,1676509439999,84125.91191712,41,2.354495,57903.55514155
1676509440000,24596.46,24625.86,24592.54,24625.32,2.608521,1676509499999,64214.30662849,47,2.326243,57267.86612815
1676509500000,24619.51,24641.68,24619.41,24637.32,6.010908,1676509559999,148058.87353191,104,3.071699,75665.179381
1676509560000,24632.59,24632.59,24622.47,24625.6,0.450076,1676509619999,11082.8621032,11,0.303206,7466.130766
1676509620000,24623.02,24623.02,24623.02,24623.02,0.014,1676509679999,344.72228,1,0.0,0.0
1676509680000,24628.84,24658.2,24628.84,24648.47,3.210881,1676509739999,79132.12620476,62,2.383464,58738.72200641
1676509740000,24648.47,24675.0,24648.47,24662.33,3.054558,1676509799999,75319.9389321,30,0.52235,12883.72668184
1676509800000,24662.47,24669.86,24643.54,24643.54,1.695317,1676509859999,41812.66369547,36,1.022989,25234.83440101
1676509860000,24650.82,24661.05,24650.82,24654.14,0.562549,1676509919999,13868.79224403,10,0.149796,3692.7969504
1676509920000,24657.18,24676.64,24657.18,24672.47,1.13914,1676509979999,28094.96107523,32,0.94772,23373.20228103
1676509980000,24666.28,24672.44,24665.28,24666.95,0.901681,1676510039999,22243.46319855,23,0.458559,11313.21689282
1676510040000,24663.58,24680.49,24663.58,24673.6,0.240388,1676510099999,5931.11400046,5,0.00804,198.42440658
1676510100000,24671.64,24677.82,24631.25,24631.25,4.135226,1676510159999,101956.03641241,56,0.247083,6093.36508429
1676510160000,24639.25,24649.3,24629.63,24632.76,0.914005,1676510219999,22520.94619071,23,0.51169,12610.20964243
1676510220000,24625.96,24657.45,24625.96,24646.99,2.589801,1676510279999,63825.44871856,45,2.034717,50146.57032417
1676510280000,24641.26,24641.26,24599.82,24599.82,1.724327,1676510339999,42441.84737901,28,0.0,0.0
1676510340000,24597.38,24610.74,24594.05,24596.69,1.798342,1676510399999,44241.97669208,24,0.627554,15441.3663079
1676510400000,24599.06,24604.4,24580.0,24586.55,1.521631,1676510459999,37422.78282237,37,0.775853,19082.51425132
1676510460000,24586.55,24599.7,24582.36,24599.7,0.407363,1676510519999,10015.53025393,7,0.101512,2496.74910922
1676510520000,24602.56,24621.26,24602.56,24621.26,0.657534,1676510579999,16186.24358416,14,0.657534,16186.24358416
1676510580000,24621.26,24630.24,24618.11,24624.6,9.832775,1676510639999,242179.47555164,84,0.423552,10429.78151118
1676510640000,24611.42,24626.98,24611.42,24626.06,0.811109,1676510699999,19973.25682592,12,0.494671,12180.51410119
1676510700000,24625.58,24636.01,24625.58,24636.01,0.087704,1676510759999,2160.14875637,7,0.05974,1471.5188968
1676510760000,24632.78,24645.47,24632.78,24637.67,0.264491,1676510819999,6517.31133875,10,0.233393,5751.24328375
1676510820000,24626.64,24634.57,24626.64,24634.57,0.063151,1676510879999,1555.54792139,5,0.0,0.0
1676510880000,24630.62,24630.62,24630.62,24630.62,0.01409,1676510939999,347.0454358,1,0.0,0.0
1676510940000,24630.62,24630.62,24630.62,24630.62,0.0,1676510999999,0.0,0,0.0,0.0
1676511000000,24616.51,24633.6,24616.51,24626.94,1.024447,1676511059999,25231.65681073,22,0.957779,23590.02134485
1676511060000,24627.03,24632.73,24620.38,24632.16,1.045515,1676511119999,25753.2199997,14,0.874276,21535.65779649
1676511120000,24631.2,24652.18,24631.2,24639.66,0.762315,1676511179999,18788.70883861,25,0.415512,10241.49652175
1676511180000,24639.73,24645.23,24630.36,24631.65,0.121228,1676511239999,2986.50133226,8,0.079914,1968.68458922
1676511240000,24634.78,24634.78,24589.89,24589.89,0.97483,1676511299999,23982.31141589,20,0.499782,12293.95679003
1676511300000,24594.89,24609.52,24594.89,24609.52,0.797704,1676511359999,19623.66431453,9,0.488566,12020.00128214
1676511360000,24613.4,24626.36,24605.03,24624.08,2.342107,1676511419999,57655.55023326,22,2.132847,52504.17955406
1676511420000,24630.24,24630.24,24626.94,24626.94,0.049965,1676511479999,1230.6097311,4,0.049965,1230.6097311
1676511480000,24626.94,24626.94,24603.05,24603.05,1.824857,1676511539999,44908.35793627,23,0.022244,547.78094904
1676511540000,24599.82,24608.11,24599.82,24608.11,0.325068,1676511599999,7998.59790228,6,0.222328,5470.69239548
1676511600000,24606.68,24619.99,24604.39,24619.99,2.337205,1676511659999,57536.14595609,16,2.328025,57310.27765589
1676511660000,24628.54,24632.26,24615.14,24615.14,1.013709,1676511719999,24963.1661393,23,0.471799,11621.06535783
1676511720000,24612.9,24617.19,24608.93,24612.02,0.508499,1676511779999,12516.11860964,13,0.318009,7827.81727159
1676511780000,24609.99,24614.81,24603.05,24606.89,0.669599,1676511839999,16479.18629085,14,0.268354,6605.10287109
1676511840000,24603.05,24603.05,24594.44,24594.65,2.003163,1676511899999,49271.68574869,17,0.05,1229.7325
1676511900000,24587.73,24605.29,24583.77,24596.04,1.302174,1676511959999,32020.70516836,24,0.711787,17504.37462352
1676511960000,24600.92,24604.02,24592.41,24604.02,0.583783,1676512019999,14360.77473238,25,0.469263,11544.45193918
1676512020000,24602.11,24612.05,24598.97,24600.44,0.403588,1676512079999,9928.66988811,15,0.365623,8994.6784727
1676512080000,24602.64,24602.64,24583.85,24589.97,0.886417,1676512139999,21798.63226502,21,0.717333,17641.20756528
1676512140000,24591.62,24606.25,24591.62,24599.39,1.133596,1676512199999,27888.28911055,27,0.880537,21662.85987237
1676512200000,24603.57,24603.57,24591.3,24591.3,0.29128,1676512259999,7163.85134093,8,0.056451,1388.48970926
1676512260000,24586.25,24587.48,24577.31,24582.0,0.834952,1676512319999,20524.28994707,21,0.37803,9292.76589065
1676512320000,24584.52,24589.83,24570.83,24578.88,3.959811,1676512379999,97342.07973293,74,3.074405,75581.69193674
1676512380000,24584.95,24607.29,24578.5,24601.94,4.025666,1676512439999,99006.81017094,48,3.489598,85818.01341276
1676512440000,24607.11,24609.09,24601.87,24607.48,0.062342,1676512499999,1533.81965051,4,0.015302,376.54768571
1676512500000,24597.8,24602.29,24597.8,24602.29,0.021329,1676512559999,524.73609211,2,0.021329,524.73609211
1676512560000,24601.78,24601.78,24601.78,24601.78,0.02019,1676512619999,496.7099382,1,0.02019,496.7099382
1676512620000,24588.02,24597.27,24585.5,24597.25,1.412417,1676512679999,34725.93621995,8,0.021288,523.47985636
1676512680000,24603.07,24605.61,24603.07,24605.61,0.23136,1676512739999,5692.7030534,6,0.23136,5692.7030534
1676512740000,24607.66,24633.12,24607.66,24630.35,1.829579,1676512799999,45050.93837306,32,1.336935,32923.0305093
1676512800000,24630.37,24630.37,24615.8,24621.13,2.848821,1676512859999,70140.49964729,35,0.192993,4752.37642255
1676512860000,24627.84,24636.93,24627.84,24628.78,0.93713,1676512919999,23081.54936686,16,0.834947,20564.91376012
1676512920000,24632.57,24643.54,24632.57,24643.54,1.121669,1676512979999,27637.4669813,20,0.827393,20387.53027176
1676512980000,24646.04,24654.32,24629.05,24640.32,2.261538,1676513039999,55733.56531283,54,1.415755,34891.51406644
1676513040000,24639.3,24648.92,24639.3,24648.92,0.89955,1676513099999,22167.57030792,22,0.86175,21236.08456392
1676513100000,24639.46,24645.2,24632.01,24638.31,2.00537,1676513159999,49408.52438043,31,0.499421,12307.15615625
1676513160000,24639.86,24646.6,24627.9,24630.29,4.167519,1676513219999,102671.01930836,51,1.980375,48802.2945813
1676513220000,24625.86,24625.86,24613.14,24613.14,0.1085,1676513279999,2670.92170175,7,0.0,0.0
1676513280000,24610.27,24627.78,24610.27,24627.78,0.787049,1676513339999,19377.27797369,12,0.767173,18888.12424717
1676513340000,24632.72,24632.72,24614.7,24616.01,0.247664,1676513399999,6096.54996554,7,0.001328,32.71225216
1676513400000,24618.96,24618.96,24618.96,24618.96,0.000918,1676513459999,22.60020528,1,0.000918,22.60020528
1676513460000,24622.01,24622.01,24620.75,24620.75,0.039724,1676513519999,978.05973818,2,0.0,0.0
1676513520000,24622.99,24628.32,24622.99,24628.32,0.239139,1676513579999,5889.38500381,4,0.2,4925.664
1676513580000,24631.23,24639.27,24631.23,24635.11,1.045723,1676513639999,25761.52856394,13,0.670484,16517.42430212
1676513640000,24635.11,24635.11,24635.11,24635.11,0.0,1676513699999,0.0,0,0.0,0.0
1676513700000,24636.81,24639.09,24629.52,24631.72,1.972479,1676513759999,48589.54024653,35,0.461458,11368.72490743
1676513760000,24636.82,24636.82,24636.82,24636.82,0.001395,1676513819999,34.3683639,1,0.001395,34.3683639
1676513820000,24623.45,24636.82,24623.45,24630.18,0.150609,1676513879999,3709.72559991,7,0.043132,1062.55977056
1676513880000,24629.13,24643.0,24618.24,24638.11,4.783838,1676513939999,117828.94778353,54,2.147162,52906.27124978
1676513940000,24641.5,24641.5,24641.5,24641.5,0.000871,1676513999999,21.4627465,1,0.000871,21.4627465
1676514000000,24641.4,24643.53,24632.74,24640.45,0.773466,1676514059999,19057.3509715,14,0.405504,9992.72711356
1676514060000,24645.39,24647.37,24640.6,24647.37,0.335937,1676514119999,8279.09851502,6,0.21378,5269.0748418
1676514120000,24651.93,24667.45,24646.78,24662.01,3.343559,1676514179999,82461.63028324,52,2.875378,70917.86567602
1676514180000,24662.14,24667.53,24651.52,24666.37,3.752884,1676514239999,92533.18053789,63,1.040014,25647.73666897
1676514240000,24671.41,24672.01,24656.43,24656.61,1.188778,1676514299999,29314.72306583,25,0.002941,72.55881421
1676514300000,24653.58,24673.5,24644.46,24671.23,5.473092,1676514359999,134957.63260957,86,2.802205,69125.00787239
1676514360000,24667.52,24684.71,24661.86,24671.85,8.479784,1676514419999,209252.39912498,122,5.5657,137356.39614956
1676514420000,24676.26,24676.26,24659.22,24671.31,2.179006,1676514479999,53747.90805437,35,0.168516,4157.49273694
1676514480000,24666.31,24666.31,24665.47,24665.47,0.153651,1676514539999,3789.91780547,4,0.0,0.0
1676514540000,24666.52,24671.91,24661.21,24667.03,0.39283,1676514599999,9689.21272799,28,0.041617,1026.55890347
1676514600000,24666.79,24670.0,24660.35,24670.0,0.743539,1676514659999,18338.44708931,23,0.353029,8708.2881451
1676514660000,24664.56,24664.56,24646.25,24646.25,1.54663,1676514719999,38134.93197324,28,0.277298,6836.9242284
1676514720000,24654.12,24684.7,24654.12,24684.7,7.448886,1676514779999,183819.4223466,76,7.267683,179347.66390809
1676514780000,24684.71,24726.47,24684.71,24712.92,6.175875,1676514839999,152606.03927845,140,1.454613,35944.73580716
1676514840000,24712.1,24735.22,24703.02,24723.83,3.587021,1676514899999,88680.75439952,91,1.710252,42282.40516099
1676514900000,24723.83,24729.51,24707.46,24712.7,2.758437,1676514959999,68181.07541155,32,0.588285,14545.48540888
1676514960000,24716.49,24720.0,24702.4,24705.54,1.638672,1676515019999,40490.83896958,17,0.433671,10720.01178514
1676515020000,24701.6,24714.06,24696.89,24706.38,2.474414,1676515079999,61139.11730451,49,2.392571,59117.73432433
1676515080000,24707.39,24707.39,24698.21,24700.23,0.139924,1676515139999,3456.74920232,12,0.02,494.1138
1676515140000,24697.57,24700.23,24688.48,24688.5,3.617786,1676515199999,89356.09459036,11,0.504627,12463.37562161
1676515200000,24688.5,24693.99,24681.0,24690.37,1.230529,1676515259999,30377.88963816,20,0.570733,14090.51309531
1676515260000,24690.37,24690.37,24675.93,24678.28,1.143169,1676515319999,28212.82033507,32,0.636757,15714.53969557
1676515320000,24680.11,24683.73,24677.11,24677.11,0.567705,1676515379999,14010.31536731,23,0.300751,7422.47533372
1676515380000,24678.21,24683.44,24670.0,24678.16,0.501653,1676515439999,12379.82950441,21,0.39947,9858.81889441
1676515440000,24675.18,24675.18,24671.53,24675.0,0.158531,1676515499999,3911.46804317,4,0.040497,999.263475
1676515500000,24678.64,24678.64,24672.31,24672.31,0.017382,1676515559999,428.86327725,2,0.001451,35.80870664
1676515560000,24678.64,24688.76,24677.63,24680.96,2.253368,1676515619999,55621.2324046,46,1.510366,37283.08398016
1676515620000,24681.06,24696.32,24681.06,24696.32,0.284548,1676515679999,7025.13975792,19,0.284548,7025.13975792
1676515680000,24696.01,24696.01,24689.48,24692.52,0.160882,1676515739999,3972.76564876,12,0.113016,2790.9775583
1676515740000,24692.51,24698.22,24688.4,24696.01,0.194453,1676515799999,4801.65542925,11,0.136653,3374.64633367
1676515800000,24701.69,24714.89,24701.69,24714.13,0.821937,1676515859999,20310.0112844,25,0.581828,14377.13010139
1676515860000,24706.57,24713.85,24706.45,24706.46,0.506143,1676515919999,12507.6320004,24,0.360228,8902.56221159
1676515920000,24706.46,24706.46,24706.46,24706.46,0.0,1676515979999,0.0,0,0.0,0.0
1676515980000,24707.01,24711.81,24702.69,24702.97,0.470629,1676516039999,11626.58000689,9,0.020678,510.88743438
1676516040000,24705.59,24705.59,24699.8,24699.8,0.002121,1676516099999,52.3961502,2,0.00136,33.5996024
1676516100000,24700.34,24700.34,24684.71,24685.89,5.755485,1676516159999,142127.45398865,24,3.367369,83160.10265937
1676516160000,24686.1,24693.58,24686.1,24688.59,0.226499,1676516219999,5591.7227703,10,0.200499,4949.8194303
1676516220000,24686.25,24701.89,24686.25,24699.2,2.479793,1676516279999,61237.10359899,29,2.401793,59310.86135899
1676516280000,24694.22,24699.2,24688.75,24688.75,0.237645,1676516339999,5867.93987871,6,0.0,0.0
1676516340000,24688.75,24688.75,24688.75,24688.75,0.0,1676516399999,0.0,0,0.0,0.0
1676516400000,24689.65,24698.5,24684.86,24684.86,0.550702,1676516459999,13600.46553185,9,0.524702,12958.65917185
1676516460000,24701.98,24721.55,24701.98,24721.55,0.715134,1676516519999,17674.47984885,17,0.438349,10835.3175743
1676516520000,24715.33,24715.33,24708.6,24713.11,1.657351,1676516579999,40951.74964265,9,0.03751,926.9887561
1676516580000,24703.94,24712.01,24697.79,24712.01,0.348664,1676516639999,8613.6449174,9,0.280726,6935.5512599
1676516640000,24713.06,24719.56,24710.89,24719.56,0.007771,1676516699999,192.08606989,3,0.00711,175.7521716
1676516700000,24719.56,24726.01,24715.6,24726.01,0.006317,1676516759999,156.15621506,10,0.004135,102.22337504
1676516760000,24728.65,24730.29,24722.46,24730.23,0.393964,1676516819999,9741.12285781,9,0.199918,4943.7764439
1676516820000,24721.3,24726.01,24712.92,24718.49,0.119822,1676516879999,2961.9652089,14,0.027188,672.14199605
1676516880000,24724.9,24736.42,24724.9,24736.42,0.293608,1676516939999,7260.39049656,15,0.293608,7260.39049656
1676516940000,24736.3,24737.87,24729.13,24731.85,0.47281,1676516999999,11694.34511257,16,0.245173,6064.72467791
1676517000000,24731.92,24739.38,24728.35,24731.68,3.410496,1676517059999,84347.9144637,36,2.569149,63539.76858014
1676517060000,24737.26,24737.26,24737.26,24737.26,0.019667,1676517119999,486.50769242,2,0.019667,486.50769242
1676517120000,24735.09,24752.12,24735.09,24747.47,0.818645,1676517179999,20256.32476388,38,0.45298,11207.18985314
1676517180000,24745.81,24745.81,24735.1,24735.1,0.900064,1676517239999,22269.40795109,22,0.0,0.0
1676517240000,24735.21,24739.82,24725.27,24725.27,0.548799,1676517299999,13572.97673358,11,0.001075,26.5953065
1676517300000,24729.27,24729.27,24729.27,24729.27,0.012022,1676517359999,297.29528394,1,0.012022,297.29528394
1676517360000,24711.99,24711.99,24686.83,24699.45,1.063641,1676517419999,26266.47824258,18,0.757598,18709.79952901
1676517420000,24701.08,24701.38,24684.71,24687.6,0.553642,1676517479999,13671.92905726,22,0.176716,4362.92407244
1676517480000,24682.7,24687.32,24670.89,24675.03,3.437866,1676517539999,84835.98988161,52,0.858743,21193.35859492
1676517540000,24688.67,24688.86,24677.27,24678.06,0.931245,1676517599999,22984.63706616,16,0.542055,13380.33533316
1676517600000,24682.0,24695.2,24678.9,24695.2,0.562055,1676517659999,13876.18278715,11,0.535574,13222.66083625
1676517660000,24698.47,24704.15,24698.47,24702.91,0.168242,1676517719999,4156.03435788,5,0.022734,561.5105461
1676517720000,24711.94,24722.62,24711.94,24712.74,0.292767,1676517779999,7235.33878659,6,0.102767,2539.91818659
1676517780000,24712.7,24712.7,24701.78,24703.13,0.065593,1676517839999,1620.37059197,4,0.037444,924.99368456
1676517840000,24693.0,24697.7,24691.29,24697.7,0.443799,1676517899999,10959.02429751,5,0.115012,2840.52566868
1676517900000,24706.54,24706.54,24700.05,24700.05,0.048134,1676517959999,1189.04948009,5,0.020031,494.89670274
1676517960000,24700.05,24700.05,24700.05,24700.05,0.0,1676518019999,0.0,0,0.0,0.0
1676518020000,24702.73,24702.73,24702.73,24702.73,0.000409,1676518079999,10.10341657,1,0.000409,10.10341657
1676518080000,24697.0,24700.16,24692.62,24696.58,0.039015,1676518139999,963.42722183,7,0.005472,135.1447801
1676518140000,24696.58,24696.58,24696.58,24696.58,0.0,1676518199999,0.0,0,0.0,0.0
1676518200000,24696.58,24696.58,24694.15,24694.15,0.004834,1676518259999,119.38136503,3,0.004051,100.04584558
1676518260000,24694.38,24694.38,24694.38,24694.38,0.068559,1676518319999,1693.02199842,1,0.0,0.0
1676518320000,24698.4,24698.4,24693.85,24697.5,0.182831,1676518379999,4515.1249296,11,0.070866,1750.2588117
1676518380000,24700.99,24707.19,24700.53,24707.19,0.429503,1676518439999,10610.21914931,12,0.429503,10610.21914931
1676518440000,24699.7,24708.72,24696.75,24708.72,0.8921,1676518499999,22033.86204837,16,0.216038,5336.96898169
1676518500000,24703.27,24715.76,24703.27,24706.8,0.320719,1676518559999,7924.12359717,13,0.083481,2062.79738517
1676518560000,24710.53,24710.99,24710.53,24710.99,0.04,1676518619999,988.4304,2,0.04,988.4304
1676518620000,24711.22,24711.23,24711.22,24711.23,0.035544,1676518679999,878.33575961,2,0.035544,878.33575961
1676518680000,24707.43,24708.37,24707.42,24708.37,0.003004,1676518739999,74.22192496,3,0.003004,74.22192496
1676518740000,24708.53,24713.99,24708.53,24713.99,0.370335,1676518799999,9151.9928584,9,0.370335,9151.9928584
1676518800000,24713.99,24713.99,24709.43,24709.43,0.397746,1676518859999,9829.8722031,4,0.0,0.0
1676518860000,24713.09,24713.29,24713.09,24713.29,0.061323,1676518919999,1515.49259307,4,0.061323,1515.49259307
1676518920000,24713.16,24717.16,24713.16,24717.16,0.110117,1676518979999,2721.44082069,4,0.110117,2721.44082069
1676518980000,24710.43,24730.3,24710.43,24730.3,0.966462,1676519039999,23895.42301171,20,0.96594,23882.52416725
1676519040000,24733.59,24736.7,24733.26,24733.26,0.190295,1676519099999,4706.85109151,6,0.176275,4360.09078631
1676519100000,24726.68,24726.68,24726.68,24726.68,0.036432,1676519159999,900.84240576,1,0.0,0.0
1676519160000,24733.64,24733.64,24728.98,24729.6,0.298245,1676519219999,7375.61517432,5,0.020485,506.666656
1676519220000,24729.56,24729.56,24714.88,24721.82,0.270593,1676519279999,6688.52736183,8,0.001915,47.35334576
1676519280000,24724.21,24724.49,24724.21,24724.49,0.020486,1676519339999,506.50030214,2,0.020486,506.50030214
1676519340000,24717.05,24717.98,24715.46,24715.46,0.081216,1676519399999,2007.39511494,4,0.067302,1663.48208124
1676519400000,24713.18,24721.12,24713.18,24718.17,0.161933,1676519459999,4002.47209426,9,0.161933,4002.47209426
1676519460000,24718.11,24720.3,24711.73,24720.3,0.136885,1676519519999,3383.39749369,6,0.110885,2740.89251369
1676519520000,24713.69,24717.35,24710.46,24714.7,0.187241,1676519579999,4627.76174774,9,0.13324,3293.24267105
1676519580000,24714.7,24720.6,24714.7,24720.6,0.100304,1676519639999,2479.5669794,4,0.100304,2479.5669794
1676519640000,24720.6,24730.03,24720.6,24730.03,0.150511,1676519699999,3721.25036992,6,0.150511,3721.25036992
1676519700000,24724.71,24731.18,24724.71,24731.18,0.15,1676519759999,3709.27405278,7,0.110122,2723.3020674
1676519760000,24724.32,24733.61,24718.81,24733.45,0.494561,1676519819999,12229.14406722,25,0.337702,8351.5351011
1676519820000,24727.05,24733.77,24727.05,24731.17,0.18306,1676519879999,4527.35612888,10,0.143155,3540.62319863
1676519880000,24731.03,24731.17,24724.8,24731.01,0.220273,1676519939999,5446.86309053,9,0.106243,2627.49414653
1676519940000,24730.34,24739.3,24721.34,24738.36,0.403275,1676519999999,9974.23618319,27,0.346203,8562.83536555
1676520000000,24738.34,24752.12,24738.34,24752.12,0.569951,1676520059999,14102.89029492,33,0.488282,12082.30171222
1676520060000,24750.28,24754.55,24741.65,24741.65,0.243485,1676520119999,6026.26784797,18,0.141995,3514.70599631
1676520120000,24749.75,24749.75,24743.19,24749.75,0.114511,1676520179999,2834.06212753,4,0.105899,2620.97377525
1676520180000,24749.75,24758.5,24742.0,24742.0,1.976717,1676520239999,48929.62992938,38,1.641898,40644.98458981
1676520240000,24740.65,24745.26,24711.99,24711.99,2.117903,1676520299999,52372.10956515,54,0.970835,24012.38239561
1676520300000,24715.55,24716.38,24698.37,24698.37,0.591405,1676520359999,14612.64019822,27,0.318777,7878.27880249
1676520360000,24706.21,24709.92,24695.5,24699.74,0.955558,1676520419999,23603.2733937,19,0.548488,13549.89186004
1676520420000,24709.22,24711.05,24689.84,24689.84,0.383075,1676520479999,9463.75203133,12,0.228648,5649.62352681
1676520480000,24698.65,24701.29,24693.31,24699.54,0.380157,1676520539999,9389.09630778,13,0.245182,6056.06761364
1676520540000,24692.25,24697.79,24688.73,24697.05,0.87672,1676520599999,21649.57047548,20,0.353249,8724.05478846
1676520600000,24696.93,24706.56,24696.93,24706.56,0.436307,1676520659999,10777.70421898,15,0.280081,6918.97337356
1676520660000,24694.17,24702.93,24694.17,24700.25,0.111187,1676520719999,2746.32722278,8,0.11006,2718.49689319
1676520720000,24700.22,24700.49,24693.14,24697.26,0.164511,1676520779999,4063.21454807,7,0.148571,3669.60589647
1676520780000,24695.93,24698.84,24683.38,24687.86,0.586424,1676520839999,14477.6003976,15,0.109078,2693.96603699
1676520840000,24683.38,24687.55,24668.28,24674.02,1.455413,1676520899999,35909.68242186,38,0.927105,22874.05281714
1676520900000,24666.01,24681.98,24664.07,24666.47,0.41806,1676520959999,10313.77646408,21,0.153569,3789.34841124
1676520960000,24664.07,24668.18,24657.46,24667.49,0.781978,1676521019999,19285.43887726,18,0.334162,8242.21906029
1676521020000,24664.51,24675.74,24657.48,24675.74,0.524363,1676521079999,12931.9850522,15,0.524363,12931.9850522
1676521080000,24670.64,24672.89,24663.98,24664.7,0.136653,1676521139999,3371.02937022,6,0.047088,1161.79704432
1676521140000,24657.04,24666.72,24651.93,24652.89,0.693743,1676521199999,17107.31445293,21,0.467305,11524.91239141
1676521200000,24651.93,24684.66,24651.93,24673.53,1.271834,1676521259999,31372.13276736,35,1.144856,28239.36174695
1676521260000,24684.71,24684.83,24673.53,24673.53,0.352747,1676521319999,8706.22758851,12,0.342594,8455.641877
1676521320000,24678.64,24678.65,24665.35,24666.94,0.16595,1676521379999,4094.38026444,7,0.123872,3056.49786714
1676521380000,24666.93,24666.93,24654.85,24662.15,1.155471,1676521439999,28492.16214108,24,0.66982,16517.51200401
1676521440000,24657.3,24686.8,24657.3,24677.59,7.21656,1676521499999,178068.60899003,83,6.923337,170833.1447988
1676521500000,24677.59,24696.83,24676.92,24683.09,3.731047,1676521559999,92098.92922253,48,0.813712,20088.48397961
1676521560000,24685.32,24694.65,24683.79,24690.44,0.871931,1676521619999,21525.02535545,18,0.871931,21525.02535545
1676521620000,24684.02,24690.52,24683.46,24686.98,0.38497,1676521679999,9503.71632587,12,0.282177,6966.40462395
1676521680000,24687.08,24687.08,24680.94,24680.94,0.434436,1676521739999,10723.79395328,17,0.244289,6030.78208612
1676521740000,24679.81,24685.49,24674.1,24684.13,1.843069,1676521799999,45478.77968983,18,0.184173,4546.20857113
1676521800000,24681.74,24693.46,24681.53,24693.46,3.429526,1676521859999,84666.18122495,43,3.156613,77928.41953663
1676521860000,24697.05,24704.14,24697.05,24699.04,0.383632,1676521919999,9475.69304963,10,0.175729,4340.68835817
1676521920000,24704.14,24711.99,24697.95,24701.92,1.764496,1676521979999,43587.18537506,38,0.235108,5809.05089782
1676521980000,24701.92,24701.92,24696.3,24696.3,0.194232,1676522039999,4797.4022795,4,0.194232,4797.4022795
1676522040000,24692.47,24692.52,24691.09,24691.09,0.191822,1676522099999,4736.47921074,5,0.191822,4736.47921074
1676522100000,24695.0,24706.96,24695.0,24699.43,2.507072,1676522159999,61920.57662993,41,2.406025,59425.0756178
1676522160000,24701.44,24703.54,24686.43,24691.51,0.972191,1676522219999,24003.47314417,17,0.179808,4441.07847672
1676522220000,24691.42,24693.09,24684.65,24693.09,0.426517,1676522279999,10530.33487109,23,0.313317,7736.03033475
1676522280000,24693.09,24693.09,24684.77,24690.0,0.225232,1676522339999,5561.13458467,8,0.189342,4675.16152137
1676522340000,24690.03,24690.52,24690.03,24690.52,0.133098,1676522399999,3286.23943096,5,0.133098,3286.23943096
1676522400000,24690.52,24691.8,24690.52,24691.8,0.09805,1676522459999,2420.90664568,4,0.09805,2420.90664568
1676522460000,24690.35,24690.35,24690.35,24690.35,0.135846,1676522519999,3354.0852861,4,0.135846,3354.0852861
1676522520000,24690.02,24690.35,24674.12,24674.12,1.753055,1676522579999,43259.74684579,28,0.037541,926.89440421
1676522580000,24673.06,24681.93,24673.06,24681.93,0.231345,1676522639999,5709.16303124,11,0.203395,5019.55100424
1676522640000,24684.92,24684.92,24676.76,24679.85,0.463263,1676522699999,11432.94707239,10,0.176169,4348.2327341
1676522700000,24678.83,24686.4,24678.51,24678.51,0.520569,1676522759999,12848.37395822,11,0.497151,12270.45261104
1676522760000,24675.32,24677.06,24666.92,24666.92,0.354329,1676522819999,8742.83483289,11,0.160024,3948.4500193
1676522820000,24669.73,24675.44,24659.62,24675.44,0.657973,1676522879999,16231.1368922,17,0.425042,10486.53716371
1676522880000,24671.25,24676.93,24666.32,24674.6,0.174581,1676522939999,4307.32873535,11,0.137568,3394.33483609
1676522940000,24669.62,24673.7,24653.06,24660.83,1.871112,1676522999999,46139.08773183,37,0.160185,3951.45357924
1676523000000,24661.25,24661.7,24661.16,24661.7,0.108855,1676523059999,2684.5280218,5,0.108855,2684.5280218
1676523060000,24661.55,24666.38,24658.34,24658.34,0.552881,1676523119999,13634.54847029,25,0.438674,10818.34447955
1676523120000,24662.37,24663.46,24643.95,24656.93,1.706964,1676523179999,42080.16267773,43,1.171362,28877.60565308
1676523180000,24650.55,24659.17,24648.53,24659.17,0.342812,1676523239999,8451.63572599,8,0.240579,5931.59235579
1676523240000,24660.55,24665.64,24653.82,24665.64,0.467947,1676523299999,11539.2570747,9,0.448047,11048.6460567
1676523300000,24665.74,24675.44,24665.74,24672.68,1.5553,1676523359999,38370.9198639,29,1.253414,30923.29606562
1676523360000,24673.32,24675.79,24663.12,24667.1,0.205954,1676523419999,5080.65141394,13,0.146034,3602.80479013
1676523420000,24667.08,24667.38,24660.36,24662.43,0.112418,1676523479999,2772.61361144,6,0.090208,2224.90701584
1676523480000,24659.87,24663.34,24652.86,24656.03,0.331903,1676523539999,8183.88298149,11,0.11645,2871.6954991
1676523540000,24652.74,24654.16,24639.55,24639.55,2.096835,1676523599999,51673.99054677,23,0.329757,8128.65384874
1676523600000,24639.13,24663.95,24633.35,24655.39,4.727787,1676523659999,116534.78176425,85,4.386682,108125.58284754
1676523660000,24645.26,24650.41,24642.95,24642.95,0.182394,1676523719999,4495.45499199,7,0.08776,2163.28399672
1676523720000,24648.91,24653.38,24610.0,24632.38,6.724208,1676523779999,165598.61427084,110,1.41689,34890.13872595
1676523780000,24632.37,24649.43,24632.37,24641.73,1.121778,1676523839999,27637.9496464,19,1.022047,25180.61329094
1676523840000,24641.59,24641.67,24639.42,24639.42,0.354651,1676523899999,8738.93745524,9,0.354651,8738.93745524
1676523900000,24639.42,24639.42,24631.28,24635.89,0.370076,1676523959999,9116.92736438,10,0.261437,6440.82019216
1676523960000,24629.3,24638.11,24627.99,24638.11,0.153461,1676524019999,3780.27368868,6,0.101191,2492.94257321
1676524020000,24636.91,24637.56,24627.62,24632.51,0.183112,1676524079999,4510.49860147,7,0.123173,3034.34348629
1676524080000,24632.51,24632.51,24613.86,24624.76,0.554328,1676524139999,13648.36982485,15,0.116745,2874.91800794
1676524140000,24622.02,24630.51,24604.57,24612.36,1.195387,1676524199999,29425.9908632,29,0.393679,9693.58791356
1676524200000,24619.71,24626.22,24617.56,24626.22,0.660367,1676524259999,16260.85389511,9,0.636327,15669.04775271
1676524260000,24626.23,24635.08,24624.59,24624.59,0.45822,1676524319999,11286.3144983,16,0.165098,4066.93160819
1676524320000,24626.92,24636.59,24626.92,24635.62,0.63793,1676524379999,15713.14890229,25,0.63793,15713.14890229
1676524380000,24629.16,24633.89,24629.16,24633.89,0.151134,1676524439999,3723.00852936,6,0.149104,3673.01133456
1676524440000,24629.16,24640.2,24617.82,24617.82,3.350748,1676524499999,82501.05340242,47,0.24361,6001.43733965
1676524500000,24625.34,24629.83,24622.03,24626.59,0.255131,1676524559999,6282.86012346,9,0.090485,2228.53534054
1676524560000,24629.29,24633.99,24625.24,24632.43,0.384329,1676524619999,9465.8385954,13,0.241779,5955.4598602
1676524620000,24627.68,24631.94,24623.23,24631.94,0.241299,1676524679999,5942.54290678,14,0.096229,2370.24574347
1676524680000,24632.85,24641.2,24632.85,24641.2,0.567111,1676524739999,13971.28661436,8,0.567111,13971.28661436
1676524740000,24640.94,24647.58,24640.94,24647.58,0.086575,1676524799999,2133.68357362,5,0.085557,2108.59897454
1676524800000,24651.3,24652.79,24646.11,24651.4,0.302892,1676524859999,7465.96654548,20,0.110012,2711.98894235
1676524860000,24656.62,24671.95,24654.71,24662.7,0.947005,1676524919999,23355.39671425,30,0.395924,9764.35555521
1676524920000,24669.22,24669.22,24655.15,24665.45,1.38628,1676524979999,34186.09614147,31,0.39165,9660.16064143
1676524980000,24666.87,24666.87,24655.57,24662.6,1.642973,1676525039999,40520.96564948,17,1.370654,33806.52993885
1676525040000,24657.54,24664.49,24657.54,24664.49,0.393159,1676525099999,9696.14010353,16,0.366266,9033.01137003
1676525100000,24666.46,24686.92,24665.41,24682.14,6.311578,1676525159999,155743.12351,88,5.227402,128995.44405186
1676525160000,24686.9,24693.22,24683.32,24686.45,1.437785,1676525219999,35496.45285955,19,1.006838,24858.0774534
1676525220000,24693.29,24693.29,24687.41,24690.51,0.213323,1676525279999,5266.680334,9,0.213323,5266.680334
1676525280000,24687.64,24702.82,24687.64,24701.55,0.576964,1676525339999,14246.82969782,16,0.224832,5552.48472722
1676525340000,24701.46,24710.13,24695.29,24705.22,2.538888,1676525399999,62707.54095845,37,0.364657,9008.61135979
1676525400000,24694.17,24701.88,24694.17,24697.25,0.119512,1676525459999,2951.70830843,6,0.105938,2616.50964485
1676525460000,24696.55,24697.44,24686.07,24697.44,0.527507,1676525519999,13025.81292464,13,0.501507,12383.97510464
1676525520000,24695.47,24707.38,24687.4,24705.03,3.188331,1676525579999,78762.99092935,37,2.867249,70832.88679921
1676525580000,24705.03,24705.03,24691.15,24691.15,2.332481,1676525639999,57603.88325954,27,0.150516,3717.30954702
1676525640000,24694.13,24697.01,24685.9,24692.32,0.835237,1676525699999,20620.92775144,16,0.27607,6817.06799806
1676525700000,24692.29,24698.28,24686.3,24690.02,0.492489,1676525759999,12159.8957791,16,0.176379,4355.543203
1676525760000,24690.01,24690.06,24673.28,24681.62,0.537403,1676525819999,13262.80789877,16,0.192846,4760.57451491
1676525820000,24681.57,24689.43,24681.57,24689.43,0.723439,1676525879999,17859.91584772,13,0.723439,17859.91584772
1676525880000,24690.53,24694.51,24687.1,24691.76,0.307043,1676525939999,7581.96665034,10,0.286935,7085.55844354
1676525940000,24691.59,24691.89,24691.59,24691.63,0.243572,1676525999999,6014.2079331,10,0.243572,6014.2079331
1676526000000,24691.88,24693.2,24686.09,24692.49,0.308462,1676526059999,7615.50480424,12,0.130824,3230.3120073
1676526060000,24691.8,24691.81,24690.9,24690.91,0.111939,1676526119999,2763.90786107,5,0.111939,2763.90786107
1676526120000,24688.61,24688.62,24664.41,24668.59,0.898373,1676526179999,22167.38690343,23,0.131485,3244.409178
1676526180000,24671.96,24671.96,24665.11,24665.11,0.051344,1676526239999,1266.41461424,2,0.001344,33.15911424
1676526240000,24666.65,24666.65,24661.95,24661.95,0.199745,1676526299999,4926.58884775,7,0.0,0.0
1676526300000,24661.95,24669.99,24661.95,24669.99,0.417525,1676526359999,10299.02069273,13,0.397345,9801.34254173
1676526360000,24672.74,24679.0,24671.67,24672.98,0.505396,1676526419999,12471.10724981,12,0.479396,11829.60976981
1676526420000,24677.46,24679.51,24676.36,24676.36,0.229121,1676526479999,5654.31528171,7,0.203121,5012.72992171
1676526480000,24682.06,24682.08,24672.51,24676.92,0.559533,1676526539999,13805.90507705,14,0.008554,211.1293228
1676526540000,24677.84,24679.06,24673.55,24679.06,0.217835,1676526599999,5374.96847553,7,0.0475,1172.19933628
1676526600000,24680.35,24680.89,24671.33,24671.33,0.217536,1676526659999,5368.0072117,9,0.020486,505.6124501
1676526660000,24668.88,24673.88,24668.82,24668.88,0.3683,1676526719999,9086.40698205,9,0.26656,6576.60123525
1676526720000,24674.1,24698.37,24674.1,24684.39,6.059663,1676526779999,149577.66665587,48,5.465138,134899.85462384
1676526780000,24693.07,24693.07,24690.05,24690.05,0.00187,1676526839999,46.17457318,2,0.00187,46.17457318
1676526840000,24681.48,24681.48,24680.76,24680.76,0.25915,1676526899999,6396.12573648,5,0.0,0.0
1676526900000,24688.63,24688.63,24688.63,24688.63,0.020014,1676526959999,494.11824082,1,0.020014,494.11824082
1676526960000,24683.57,24689.54,24683.49,24689.54,0.293343,1676527019999,7241.11035724,18,0.061393,1515.76324038
1676527020000,24685.55,24685.65,24685.55,24685.65,0.2,1676527079999,4937.1182414,4,0.2,4937.1182414
1676527080000,24688.63,24688.63,24688.63,24688.63,0.001411,1676527139999,34.83565693,1,0.001411,34.83565693
1676527140000,24683.57,24683.57,24683.57,24683.57,0.019348,1676527199999,477.57771236,2,0.019348,477.57771236
1676527200000,24683.56,24683.56,24683.56,24683.56,0.000486,1676527259999,11.99621016,1,0.000486,11.99621016
1676527260000,24676.92,24676.92,24668.51,24668.51,1.762464,1676527319999,43484.28678786,7,0.0,0.0
1676527320000,24676.22,24676.22,24668.51,24668.51,0.041636,1676527379999,1027.16807839,4,0.021473,529.75352218
1676527380000,24675.8,24675.8,24664.94,24669.6,2.219126,1676527439999,54736.35781339,28,0.001441,35.5578278
1676527440000,24664.01,24664.01,24664.01,24664.01,0.020011,1676527499999,493.55150411,1,0.0,0.0
1676527500000,24657.46,24657.46,24657.46,24657.46,0.017845,1676527559999,440.0123737,2,0.0,0.0
1676527560000,24656.67,24656.67,24656.67,24656.67,0.001076,1676527619999,26.53057692,1,0.001076,26.53057692
1676527620000,24652.18,24661.86,24651.12,24660.47,1.206876,1676527679999,29758.94333294,29,0.832947,20539.71152943
1676527680000,24662.18,24662.18,24662.18,24662.18,0.023702,1676527739999,584.54299036,2,0.023702,584.54299036
1676527740000,24653.32,24662.91,24647.54,24652.9,0.726589,1676527799999,17914.04807142,16,0.283076,6981.04683771
1676527800000,24647.54,24647.54,24647.54,24647.54,0.05,1676527859999,1232.377,1,0.0,0.0
1676527860000,24650.68,24694.31,24650.68,24685.56,10.175399,1676527919999,251003.49633618,104,8.931884,220319.79661385
1676527920000,24679.27,24679.27,24666.08,24676.46,0.664361,1676527979999,16391.65954457,10,0.046,1135.11742
1676527980000,24668.28,24668.28,24662.97,24662.97,0.49296,1676528039999,12160.2597792,9,0.0,0.0
1676528040000,24659.32,24659.44,24651.93,24653.81,0.738187,1676528099999,18200.35984078,19,0.0,0.0
1676528100000,24659.33,24673.99,24657.45,24668.2,7.48532,1676528159999,184615.21949237,69,1.059654,26140.68299084
1676528160000,24667.66,24694.28,24667.66,24693.63,3.14035,1676528219999,77509.3585682,38,2.404878,59350.90654524
1676528220000,24693.85,24701.1,24692.27,24698.27,1.197137,1676528279999,29564.74127163,23,1.197137,29564.74127163
1676528280000,24699.62,24702.05,24683.32,24701.76,5.207224,1676528339999,128579.40441003,55,0.287416,7098.60429765
1676528340000,24690.87,24713.42,24688.56,24703.13,2.587447,1676528399999,63924.34287655,41,2.039605,50397.29299254
1676528400000,24702.46,24702.46,24700.27,24700.27,0.120131,1676528459999,2967.3889122,7,0.0,0.0
1676528460000,24706.87,24706.87,24699.26,24699.26,0.092467,1676528519999,2284.41857231,2,0.072549,1792.45871163
1676528520000,24706.08,24706.46,24705.94,24706.46,0.210962,1676528579999,5212.11330494,3,0.210962,5212.11330494
1676528580000,24715.0,24720.36,24714.05,24720.36,0.833165,1676528639999,20592.701351,11,0.667114,16488.90863445
1676528640000,24725.98,24725.98,24720.55,24720.55,0.437141,1676528699999,10807.4817835,5,0.012633,312.36330534
1676528700000,24714.71,24721.7,24714.28,24715.48,0.520157,1676528759999,12856.12610263,8,0.437219,10806.32800595
1676528760000,24715.48,24725.38,24710.75,24717.27,0.870926,1676528819999,21530.06900539,15,0.563927,13941.45026661
1676528820000,24720.14,24721.04,24710.3,24719.58,1.275152,1676528879999,31517.42596005,23,0.402713,9955.1952895
1676528880000,24718.45,24718.45,24718.45,24718.45,0.095,1676528939999,2348.25275,1,0.095,2348.25275
1676528940000,24715.16,24715.16,24712.36,24712.36,0.180171,1676528999999,4452.608756,12,0.0,0.0
1676529000000,24717.9,24718.99,24710.64,24711.94,0.849661,1676529059999,20997.58169456,13,0.146378,3618.23375072
1676529060000,24716.3,24723.69,24711.01,24721.31,2.353932,1676529119999,58182.8521349,39,0.862858,21329.28308563
1676529120000,24717.67,24719.77,24717.67,24719.77,0.235448,1676529179999,5819.72850926,4,0.001211,29.93564147
1676529180000,24711.62,24715.84,24702.75,24709.81,3.186446,1676529239999,78732.42294437,51,0.926747,22901.58575719
1676529240000,24711.18,24711.18,24711.18,24711.18,0.120578,1676529299999,2979.62466204,1,0.0,0.0
1676529300000,24718.32,24718.32,24718.32,24718.32,0.027083,1676529359999,669.44626056,3,0.027083,669.44626056
1676529360000,24718.86,24718.86,24703.03,24711.06,4.538318,1676529419999,112137.75560608,48,0.116492,2878.55768124
1676529420000,24715.51,24715.51,24714.75,24714.75,0.030123,1676529479999,744.48333005,3,0.030123,744.48333005
1676529480000,24714.75,24714.75,24707.06,24707.06,0.256105,1676529539999,6328.26720721,5,0.014459,357.35057025
1676529540000,24706.85,24706.85,24706.85,24706.85,0.17628,1676529599999,4355.323518,4,0.0,0.0
1676529600000,24701.0,24701.0,24692.29,24692.31,0.872429,1676529659999,21545.61966776,9,0.0,0.0
1676529660000,24691.74,24691.74,24691.74,24691.74,0.00162,1676529719999,40.0006188,1,0.00162,40.0006188
1676529720000,24686.48,24686.48,24684.71,24684.71,0.14968,1676529779999,3695.0407723,6,0.0,0.0
1676529780000,24684.71,24687.81,24684.71,24687.81,0.001421,1676529839999,35.08136251,2,0.001416,34.95793896
1676529840000,24678.03,24678.03,24677.31,24677.31,0.08583,1676529899999,2118.05548578,4,0.0,0.0
1676529900000,24684.2,24687.29,24684.2,24687.0,0.983899,1676529959999,24288.91596144,17,0.818271,20200.41766936
1676529960000,24688.02,24691.56,24684.39,24684.39,0.392679,1676530019999,9693.18839055,6,0.020781,513.04394196
1676530020000,24682.16,24696.78,24682.16,24696.78,0.479663,1676530079999,11841.39295074,3,0.155543,3841.41125154
1676530080000,24696.78,24696.78,24696.78,24696.78,0.0,1676530139999,0.0,0,0.0,0.0
1676530140000,24698.72,24698.72,24691.62,24697.29,0.227134,1676530199999,5609.57529914,7,0.225321,5564.80939208
1676530200000,24699.75,24699.75,24699.75,24699.75,0.034641,1676530259999,855.62403975,3,0.034641,855.62403975
1676530260000,24699.75,24699.75,24699.75,24699.75,0.05,1676530319999,1234.9875,1,0.05,1234.9875
1676530320000,24702.09,24715.93,24702.09,24715.93,0.466148,1676530379999,11518.13156602,21,0.466148,11518.13156602
1676530380000,24708.96,24708.96,24697.97,24699.21,2.572281,1676530439999,63540.26655847,35,0.0,0.0
1676530440000,24697.25,24697.25,24697.25,24697.25,0.185376,1676530499999,4578.277416,1,0.185376,4578.277416
1676530500000,24704.32,24704.32,24704.32,24704.32,0.001338,1676530559999,33.05438016,1,0.001338,33.05438016
1676530560000,24701.33,24701.33,24693.24,24693.24,0.026409,1676530619999,652.12708397,2,0.000409,10.10284397
1676530620000,24692.93,24695.62,24676.55,24676.55,1.460573,1676530679999,36057.32723547,31,0.646432,15962.67630582
1676530680000,24672.1,24672.1,24630.24,24642.61,6.674095,1676530739999,164500.713608,98,1.961161,48335.00145495
1676530740000,24638.24,24638.24,24575.89,24587.82,6.994527,1676530799999,172114.23059548,128,2.410368,59295.97440621
1676530800000,24582.21,24607.38,24578.59,24606.37,3.273365,1676530859999,80501.94563359,49,2.080787,51178.86129249
1676530860000,24617.55,24617.56,24599.5,24607.65,2.023414,1676530919999,49795.1610426,21,1.874786,46138.02360968
1676530920000,24610.94,24620.49,24593.05,24593.05,1.525104,1676530979999,37522.90902961,29,0.166107,4088.74231711
1676530980000,24584.25,24597.88,24573.8,24597.88,3.092765,1676531039999,76044.81880891,29,2.473407,60820.37081363
1676531040000,24583.98,24583.98,24572.34,24577.17,0.673016,1676531099999,16538.61128687,14,0.0,0.0
1676531100000,24581.23,24581.23,24436.28,24510.99,24.00224,1676531159999,587787.25227501,373,10.421711,255076.84545795
1676531160000,24518.62,24519.59,24451.33,24459.22,2.159128,1676531219999,52891.44869479,42,1.00977,24740.32106702
1676531220000,24475.7,24498.63,24443.73,24498.63,5.567615,1676531279999,136248.81705004,49,4.390173,107451.72987136
1676531280000,24498.07,24511.34,24482.95,24490.19,1.595124,1676531339999,39069.42480275,29,0.241115,5907.00347278
1676531340000,24500.99,24533.46,24500.99,24513.36,1.231009,1676531399999,30184.28774487,27,0.419203,10280.06193442
1676531400000,24524.37,24536.77,24517.63,24517.63,2.305782,1676531459999,56550.69904163,52,0.417709,10247.37714609
1676531460000,24537.85,24549.76,24534.74,24543.83,1.467241,1676531519999,36013.63773976,31,1.033927,25379.30968219
1676531520000,24530.82,24554.18,24521.86,24550.66,5.100446,1676531579999,125163.65741907,57,3.169558,77793.44664431
1676531580000,24549.7,24609.13,24539.98,24599.03,1.818225,1676531639999,44688.72637626,50,0.277141,6818.43733158
1676531640000,24611.43,24624.65,24607.64,24607.64,0.813766,1676531699999,20029.8428065,32,0.034953,860.45338024
1676531700000,24607.88,24628.07,24600.18,24619.98,1.843547,1676531759999,45382.2687983,36,0.917308,22586.88102154
1676531760000,24618.05,24618.05,24589.73,24589.73,3.08721,1676531819999,75974.50142627,62,1.535019,37782.32507097
1676531820000,24577.92,24591.67,24571.92,24575.34,2.129994,1676531879999,52356.7915004,44,0.951233,23387.59534652
1676531880000,24575.12,24575.14,24570.53,24572.35,0.305616,1676531939999,7509.91416911,11,0.219594,5395.94042703
1676531940000,24556.12,24571.4,24555.14,24569.62,1.033476,1676531999999,25381.19714116,15,0.269405,6618.99234024
1676532000000,24583.54,24603.05,24583.54,24584.46,0.196027,1676532059999,4822.37767757,9,0.041366,1017.70529195
1676532060000,24575.89,24575.89,24573.8,24573.8,0.048403,1676532119999,1189.5120825,6,0.0,0.0
1676532120000,24568.97,24571.28,24568.97,24571.28,0.115153,1676532179999,2829.23715584,2,0.115153,2829.23715584
1676532180000,24562.86,24571.62,24558.04,24568.58,0.78816,1676532239999,19360.44440175,18,0.096547,2372.03626989
1676532240000,24572.73,24579.83,24553.65,24566.38,0.926938,1676532299999,22768.02321092,28,0.693558,17035.75608441
1676532300000,24567.75,24567.75,24546.92,24546.92,2.0792,1676532359999,51065.295308,44,0.0402,987.4948997
1676532360000,24537.85,24547.29,24523.83,24525.35,2.965389,1676532419999,72750.24648213,46,0.910923,22353.2511327
1676532420000,24539.41,24547.81,24518.82,24547.81,2.863238,1676532479999,70217.13449539,36,0.777771,19081.93092097
1676532480000,24542.71,24577.15,24542.71,24577.15,1.309733,1676532539999,32167.73659953,23,1.069736,26270.4244138
1676532540000,24579.35,24580.39,24579.35,24580.39,0.349188,1676532599999,8583.10577082,4,0.349188,8583.10577082
1676532600000,24584.5,24610.99,24584.5,24602.09,0.60888,1676532659999,14977.04156726,22,0.284824,7008.70127068
1676532660000,24590.11,24590.11,24573.8,24588.03,2.030818,1676532719999,49914.43134302,18,0.016267,399.97348401
1676532720000,24573.8,24579.14,24567.77,24567.77,0.188288,1676532779999,4627.90022608,5,0.182152,4477.13950928
1676532780000,24572.5,24572.5,24572.5,24572.5,0.00133,1676532839999,32.681425,1,0.00133,32.681425
1676532840000,24564.38,24567.53,24550.42,24550.42,0.41351,1676532899999,10154.73210766,9,0.075179,1846.55857149
1676532900000,24559.61,24559.61,24559.61,24559.61,0.00292,1676532959999,71.7140612,1,0.0,0.0
1676532960000,24550.42,24550.42,24534.79,24534.79,0.170181,1676533019999,4176.49514858,12,0.0,0.0
1676533020000,24541.81,24549.73,24541.76,24549.73,0.342652,1676533079999,8410.86031564,9,0.342652,8410.86031564
1676533080000,24554.93,24572.99,24554.93,24563.18,0.324681,1676533139999,7976.92850266,8,0.28668,7043.50309948
1676533140000,24558.64,24566.26,24556.74,24556.74,0.436784,1676533199999,10727.69469241,25,0.125918,3093.17767722
1676533200000,24552.76,24552.76,24552.76,24552.76,0.019969,1676533259999,490.29406444,2,0.019969,490.29406444
1676533260000,24570.0,24586.68,24570.0,24586.68,0.109004,1676533319999,2678.41016296,8,0.109004,2678.41016296
1676533320000,24591.78,24597.03,24591.78,24596.03,0.37035,1676533379999,9108.65258612,12,0.34435,8469.25382612
1676533380000,24573.38,24573.38,24559.78,24566.27,0.349171,1676533439999,8577.66160657,13,0.020089,493.51179803
1676533440000,24557.61,24557.61,24539.71,24546.96,0.448455,1676533499999,11006.68571857,21,0.115021,2823.41588616
1676533500000,24554.38,24567.64,24554.38,24563.97,3.271187,1676533559999,80358.35025727,22,3.059117,75149.03243937
1676533560000,24561.1,24562.21,24554.19,24562.21,0.195404,1676533619999,4798.89617509,5,0.019929,489.50028309
1676533620000,24562.21,24562.21,24562.21,24562.21,0.0,1676533679999,0.0,0,0.0,0.0
1676533680000,24559.37,24563.07,24559.37,24563.07,0.206426,1676533739999,5070.0376397,6,0.206426,5070.0376397
1676533740000,24563.07,24563.07,24563.07,24563.07,0.0,1676533799999,0.0,0,0.0,0.0
1676533800000,24563.1,24582.02,24563.1,24576.2,1.9941,1676533859999,48989.7043335,31,1.970326,48405.46682468
1676533860000,24582.04,24582.04,24582.04,24582.04,0.001444,1676533919999,35.49646576,1,0.001444,35.49646576
1676533920000,24587.07,24598.54,24587.07,24592.65,0.206094,1676533979999,5069.135526,8,0.146245,3597.4134823
1676533980000,24592.65,24592.65,24592.65,24592.65,0.0,1676534039999,0.0,0,0.0,0.0
1676534040000,24578.62,24578.62,24578.62,24578.62,0.026,1676534099999,639.04412,1,0.0,0.0
1676534100000,24592.74,24593.17,24571.78,24574.82,3.354725,1676534159999,82460.80042733,40,0.45673,11229.35888799
1676534160000,24580.2,24599.26,24580.2,24599.26,0.855195,1676534219999,21023.5777065,14,0.855195,21023.5777065
1676534220000,24587.15,24589.97,24587.14,24589.97,0.115562,1676534279999,2841.41291268,3,0.026,639.33922
1676534280000,24589.97,24589.97,24589.97,24589.97,0.0,1676534339999,0.0,0,0.0,0.0
1676534340000,24596.08,24613.77,24596.08,24613.77,0.916817,1676534399999,22557.24811151,25,0.801255,19714.34218951
1676534400000,24616.53,24616.53,24597.07,24597.07,0.03563,1676534459999,876.96583605,4,0.035223,866.95482856
1676534460000,24601.2,24608.47,24600.44,24608.47,0.37125,1676534519999,9134.97438721,11,0.34525,8495.36294721
1676534520000,24609.71,24614.87,24591.15,24591.15,0.612096,1676534579999,15057.4513477,15,0.199856,4919.08122315
1676534580000,24610.29,24610.57,24586.47,24586.47,0.380051,1676534639999,9349.09275307,13,0.079931,1967.14067059
1676534640000,24586.47,24586.47,24586.47,24586.47,0.0,1676534699999,0.0,0,0.0,0.0
1676534700000,24588.17,24590.82,24575.89,24575.89,1.443707,1676534759999,35489.71276913,25,0.306689,7541.20860602
1676534760000,24580.57,24584.43,24571.34,24571.34,0.708563,1676534819999,17416.66905461,23,0.553749,13612.22540132
1676534820000,24573.22,24600.02,24573.18,24582.67,11.688534,1676534879999,287433.56341765,103,10.871612,267346.89801441
1676534880000,24585.77,24587.47,24573.8,24573.8,1.379676,1676534939999,33907.40918401,25,0.169188,4159.545477
1676534940000,24575.32,24581.24,24571.27,24575.28,0.217573,1676534999999,5346.72062435,11,0.147402,3622.49136496
1676535000000,24576.1,24576.1,24576.09,24576.09,0.040017,1676535059999,983.46159318,3,0.0,0.0
1676535060000,24578.03,24587.98,24578.03,24587.98,0.454708,1676535119999,11178.92609187,8,0.454708,11178.92609187
1676535120000,24593.08,24599.82,24593.08,24599.82,0.04274,1676535179999,1051.2615742,4,0.04274,1051.2615742
1676535180000,24602.16,24615.84,24602.16,24615.84,0.791742,1676535239999,19482.35213834,15,0.791742,19482.35213834
1676535240000,24614.41,24614.41,24606.38,24606.38,0.29023,1676535299999,7142.26930613,6,0.010489,258.18054649
1676535300000,24612.49,24618.03,24605.58,24615.12,0.486785,1676535359999,11982.35433239,7,0.48624,11968.94429129
1676535360000,24613.96,24613.96,24613.96,24613.96,0.235386,1676535419999,5793.78158856,5,0.235386,5793.78158856
1676535420000,24618.88,24638.55,24617.07,24626.56,2.476439,1676535479999,60989.09743428,50,1.477084,36379.95839299
1676535480000,24628.28,24631.4,24626.77,24626.77,0.283653,1676535539999,6986.02470772,3,0.057199,1408.8914486
1676535540000,24626.77,24626.77,24626.77,24626.77,0.0,1676535599999,0.0,0,0.0,0.0
1676535600000,24624.62,24624.62,24610.01,24610.01,0.264957,1676535659999,6522.9220208,11,0.0,0.0
1676535660000,24620.82,24626.27,24620.82,24626.27,0.066259,1676535719999,1631.46603718,4,0.066259,1631.46603718
1676535720000,24624.25,24628.11,24622.88,24628.11,0.478,1676535779999,11770.37049275,15,0.07018,1728.3704898
1676535780000,24628.11,24628.11,24628.11,24628.11,0.0,1676535839999,0.0,0,0.0,0.0
1676535840000,24626.42,24631.48,24624.55,24631.48,0.506012,1676535899999,12461.61217443,13,0.36165,8906.75306215
1676535900000,24624.95,24624.95,24621.93,24621.93,0.19549,1676535959999,4813.61830486,10,0.0,0.0
1676535960000,24629.66,24635.1,24629.66,24635.1,0.467965,1676536019999,11526.58103716,7,0.286941,7067.57795652
1676536020000,24630.49,24633.23,24630.49,24633.23,0.415671,1676536079999,10238.77490933,5,0.415671,10238.77490933
1676536080000,24635.01,24635.02,24626.17,24635.02,2.858518,1676536139999,70411.81818979,41,0.715868,17634.8328713
1676536140000,24637.5,24639.54,24630.51,24630.51,0.942616,1676536199999,23220.43279828,28,0.316831,7806.4442679
1676536200000,24632.52,24635.8,24632.5,24635.8,0.261962,1676536259999,6453.4778693,9,0.211627,5213.6004466
1676536260000,24633.05,24635.34,24630.98,24630.98,0.126932,1676536319999,3126.56812051,8,0.001302,32.07521268
1676536320000,24633.96,24639.7,24633.35,24639.7,0.369258,1676536379999,9097.12000673,12,0.237789,5858.5423742
1676536380000,24643.57,24657.94,24641.72,24641.77,1.876311,1676536439999,46244.38759653,45,0.789368,19457.06695469
1676536440000,24650.69,24653.68,24650.69,24653.68,0.371635,1676536499999,9162.00177557,3,0.191795,4728.44042517
1676536500000,24643.35,24643.35,24625.86,24625.86,1.94381,1676536559999,47894.51349629,11,0.0,0.0
1676536560000,24629.78,24631.55,24625.86,24629.69,0.227774,1676536619999,5609.5693107,7,0.206546,5086.73028585
1676536620000,24627.66,24634.98,24620.14,24620.14,1.212195,1676536679999,29853.46369649,19,0.753876,18569.56898162
1676536680000,24620.48,24632.02,24620.48,24632.02,0.284129,1676536739999,6997.14484246,8,0.266108,6553.45917238
1676536740000,24628.06,24628.06,24628.06,24628.06,0.018086,1676536799999,445.42309316,1,0.0,0.0
1676536800000,24625.37,24625.37,24617.59,24617.59,0.096913,1676536859999,2386.31456097,5,0.0,0.0
1676536860000,24618.48,24629.9,24616.74,24616.74,0.510623,1676536919999,12572.39382609,18,0.482901,11889.90251981
1676536920000,24626.11,24636.76,24626.11,24633.24,0.183902,1676536979999,4529.75718807,10,0.096954,2387.93836528
1676536980000,24633.24,24633.24,24633.24,24633.24,0.0,1676537039999,0.0,0,0.0,0.0
1676537040000,24641.48,24642.41,24636.68,24642.4,0.374743,1676537099999,9232.99120099,15,0.072013,1774.57361133
1676537100000,24640.04,24642.94,24640.04,24642.94,0.041196,1676537159999,1015.13886954,3,0.023373,575.97943662
1676537160000,24640.53,24640.53,24631.8,24639.65,1.630165,1676537219999,40155.56794626,12,0.065822,1621.74577618
1676537220000,24639.65,24639.65,24639.65,24639.65,0.0,1676537279999,0.0,0,0.0,0.0
1676537280000,24633.58,24634.68,24628.15,24628.15,0.065827,1676537339999,1621.45295395,6,0.046019,1133.61271802
1676537340000,24628.26,24628.26,24628.26,24628.26,0.038812,1676537399999,955.87202712,2,0.0,0.0
1676537400000,24630.08,24632.56,24630.08,24632.56,0.111837,1676537459999,2754.73691136,6,0.111837,2754.73691136
1676537460000,24637.11,24641.27,24630.82,24638.22,5.220396,1676537519999,128606.73790733,45,0.651701,16057.05306233
1676537520000,24638.82,24640.5,24630.07,24640.5,1.851097,1676537579999,45607.28752594,20,0.722365,17798.40628486
1676537580000,24637.39,24637.97,24637.39,24637.97,0.001878,1676537639999,46.26982404,3,0.001878,46.26982404
1676537640000,24637.97,24637.97,24637.97,24637.97,0.0,1676537699999,0.0,0,0.0,0.0
1676537700000,24627.31,24634.06,24617.38,24617.38,0.340761,1676537759999,8390.16174349,10,0.172968,4259.02044846
1676537760000,24609.59,24609.89,24603.05,24609.89,0.299383,1676537819999,7367.31225957,11,0.105643,2599.83612503
1676537820000,24610.1,24610.46,24610.1,24610.45,0.04916,1676537879999,1209.84284973,4,0.04916,1209.84284973
1676537880000,24599.82,24599.82,24583.97,24583.97,0.592165,1676537939999,14559.77732884,21,0.509885,12536.31057698
1676537940000,24587.75,24587.75,24575.89,24585.76,1.698782,1676537999999,41759.20342233,49,1.1495,28257.53488042
1676538000000,24579.88,24587.56,24570.16,24578.67,5.431321,1676538059999,133489.34623868,87,2.713478,66704.5766542
1676538060000,24578.71,24585.93,24575.18,24575.18,0.909649,1676538119999,22362.13076461,18,0.614828,15114.98986189
1676538120000,24572.69,24584.57,24562.89,24583.16,0.700986,1676538179999,17229.5548105,19,0.575174,14138.1252814
1676538180000,24590.83,24603.05,24590.83,24599.35,0.166671,1676538239999,4099.82871153,11,0.120635,2967.37083097
1676538240000,24598.7,24598.7,24593.38,24598.58,0.159942,1676538299999,3934.16052751,9,0.0,0.0
1676538300000,24602.3,24602.3,24595.14,24595.14,0.021618,1676538359999,531.7080326,2,0.001438,35.3781074
1676538360000,24590.6,24590.6,24581.07,24581.07,0.046,1676538419999,1130.977,2,0.0,0.0
1676538420000,24581.03,24581.03,24567.02,24569.0,0.163014,1676538479999,4006.00832472,14,0.02,491.5982
1676538480000,24567.52,24571.63,24567.52,24569.76,0.126319,1676538539999,3103.4776422,6,0.080158,1969.41110411
1676538540000,24564.59,24564.59,24560.64,24560.64,0.046866,1676538599999,1151.17988534,3,0.0,0.0
1676538600000,24560.64,24565.44,24560.64,24564.72,0.101074,1676538659999,2482.77606891,6,0.081246,1995.78769899
1676538660000,24567.74,24578.63,24567.74,24570.69,0.9244,1676538719999,22715.0459517,18,0.782181,19220.17122471
1676538720000,24570.32,24572.99,24563.69,24572.99,0.308513,1676538779999,7579.4695693,7,0.019858,487.97043542
1676538780000,24564.84,24566.13,24561.56,24566.13,0.71285,1676538839999,17511.00407837,19,0.343877,8447.31390608
1676538840000,24576.84,24576.84,24576.84,24576.84,0.004943,1676538899999,121.48332012,1,0.004943,121.48332012
1676538900000,24577.26,24585.9,24577.26,24585.9,0.389282,1676538959999,9568.51277718,8,0.389282,9568.51277718
1676538960000,24599.82,24603.05,24598.67,24598.67,0.046649,1676539019999,1147.5849331,5,0.020649,508.0195131
1676539020000,24598.75,24598.75,24598.75,24598.75,0.02485,1676539079999,611.2789375,1,0.0,0.0
1676539080000,24594.1,24594.1,24594.1,24594.1,0.0198,1676539139999,486.96318,1,0.0,0.0
1676539140000,24594.1,24594.1,24594.1,24594.1,0.0,1676539199999,0.0,0,0.0,0.0
1676539200000,24602.05,24602.05,24590.63,24590.78,0.050943,1676539259999,1253.07157415,7,0.001929,47.45647245
1676539260000,24601.33,24601.82,24601.33,24601.82,0.102882,1676539319999,2531.07469326,3,0.102882,2531.07469326
1676539320000,24601.82,24601.82,24601.82,24601.82,0.0,1676539379999,0.0,0,0.0,0.0
1676539380000,24602.97,24602.97,24602.21,24602.21,0.046053,1676539439999,1133.02081741,3,0.020053,493.36335741
1676539440000,24598.86,24598.86,24598.86,24598.86,0.11776,1676539499999,2896.7617536,2,0.0,0.0
1676539500000,24606.54,24606.54,24606.54,24606.54,0.001374,1676539559999,33.80938596,1,0.001374,33.80938596
1676539560000,24598.59,24611.88,24598.59,24611.88,0.225273,1676539619999,5543.31190548,6,0.163627,4026.90722634
1676539620000,24606.61,24608.74,24601.48,24606.61,0.37407,1676539679999,9203.91317851,10,0.147641,3633.24993197
1676539680000,24606.64,24609.28,24604.83,24604.83,0.041234,1676539739999,1014.68020282,3,0.03994,982.8415528
1676539740000,24604.83,24604.83,24604.83,24604.83,0.0,1676539799999,0.0,0,0.0,0.0
1676539800000,24610.18,24617.3,24606.8,24617.3,0.370917,1676539859999,9129.49109319,10,0.324597,7989.69541253
1676539860000,24615.62,24615.62,24615.61,24615.61,0.04603,1676539919999,1133.05672868,3,0.0,0.0
1676539920000,24613.21,24617.81,24613.21,24616.25,0.18659,1676539979999,4593.14694826,7,0.114498,2818.59129326
1676539980000,24620.67,24628.94,24620.38,24628.94,0.218013,1676540039999,5367.88927434,11,0.08996,2215.17431586
1676540040000,24628.94,24629.92,24627.66,24629.92,0.396225,1676540099999,9758.55414937,6,0.396225,9758.55414937
1676540100000,24627.44,24630.23,24622.24,24622.24,0.425347,1676540159999,10474.47872226,14,0.178356,4392.62054502
1676540160000,24619.08,24619.08,24611.96,24614.34,0.189168,1676540219999,4656.43616882,7,0.039968,983.78594112
1676540220000,24617.18,24621.78,24617.18,24617.18,0.318194,1676540279999,7834.06728254,9,0.318194,7834.06728254
1676540280000,24614.53,24615.13,24601.35,24615.13,1.642743,1676540339999,40425.79044112,31,0.475446,11701.20211736
1676540340000,24621.18,24623.14,24621.18,24623.14,0.269292,1676540399999,6630.4623431,11,0.269292,6630.4623431
1676540400000,24624.46,24624.46,24624.46,24624.46,0.001306,1676540459999,32.15954476,1,0.001306,32.15954476
1676540460000,24624.46,24624.46,24624.46,24624.46,0.0,1676540519999,0.0,0,0.0,0.0
1676540520000,24618.44,24618.44,24618.44,24618.44,0.2083,1676540579999,5128.021052,2,0.0,0.0
1676540580000,24617.31,24617.46,24617.31,24617.46,0.039849,1676540639999,980.97818619,2,0.039849,980.97818619
1676540640000,24617.46,24617.46,24617.46,24617.46,0.0,1676540699999,0.0,0,0.0,0.0
1676540700000,24617.93,24617.93,24617.87,24617.87,0.081246,1676540759999,2000.10394539,5,0.081246,2000.10394539
1676540760000,24615.21,24615.21,24606.58,24606.58,0.07215,1676540819999,1775.5563215,3,0.0,0.0
1676540820000,24607.74,24607.74,24607.74,24607.74,0.01994,1676540879999,490.6783356,1,0.0,0.0
1676540880000,24608.44,24608.57,24608.44,24608.57,0.239736,1676540939999,5899.5411631,12,0.239736,5899.5411631
1676540940000,24606.64,24610.77,24606.64,24610.77,0.219639,1676540999999,5405.32130947,13,0.199639,4913.18850947
1676541000000,24613.47,24613.47,24613.47,24613.47,0.001299,1676541059999,31.97289753,1,0.001299,31.97289753
1676541060000,24605.9,24605.9,24605.9,24605.9,0.012192,1676541119999,299.9951328,1,0.0,0.0
1676541120000,24605.59,24605.59,24605.59,24605.59,0.020151,1676541179999,495.82724409,1,0.0,0.0
1676541180000,24611.27,24635.92,24611.27,24630.96,2.518715,1676541239999,62014.99258914,28,2.452554,60385.20612634
1676541240000,24630.48,24630.48,24630.48,24630.48,0.02,1676541299999,492.6096,1,0.0,0.0
1676541300000,24633.38,24633.39,24632.67,24632.67,0.13026,1676541359999,3208.7258788,4,0.0,0.0
1676541360000,24633.94,24634.99,24629.72,24634.99,0.121351,1676541419999,2989.01661436,5,0.02,492.6998
1676541420000,24642.12,24645.95,24639.17,24645.95,0.383876,1676541479999,9459.28218109,10,0.231681,5709.22031627
1676541480000,24648.32,24651.93,24648.32,24651.93,0.399887,1676541539999,9857.02907283,9,0.399887,9857.02907283
1676541540000,24644.65,24653.97,24643.24,24649.85,1.898656,1676541599999,46799.67814591,28,1.312974,32366.04927515
1676541600000,24644.24,24653.45,24629.5,24629.5,9.988978,1676541659999,246135.22105426,63,3.898289,96099.95868644
1676541660000,24647.9,24647.9,24645.79,24645.79,0.387912,1676541719999,9560.82111684,2,0.200676,4946.2419804
1676541720000,24652.8,24654.66,24649.44,24649.44,0.192206,1676541779999,4738.43222004,12,0.148406,3658.70907304
1676541780000,24638.84,24638.84,24637.12,24637.12,0.262227,1676541839999,6460.63717796,2,0.0,0.0
1676541840000,24640.17,24640.3,24640.17,24640.3,0.099931,1676541899999,2462.32262678,5,0.099931,2462.32262678
1676541900000,24640.3,24640.3,24640.3,24640.3,0.0,1676541959999,0.0,0,0.0,0.0
1676541960000,24633.91,24633.91,24633.91,24633.91,0.0201,1676542019999,495.141591,1,0.0,0.0
1676542020000,24636.34,24636.34,24636.34,24636.34,0.001251,1676542079999,30.82006134,1,0.001251,30.82006134
1676542080000,24636.34,24636.34,24636.34,24636.34,0.0,1676542139999,0.0,0,0.0,0.0
1676542140000,24638.67,24638.67,24638.67,24638.67,0.02,1676542199999,492.7734,1,0.02,492.7734
1676542200000,24643.18,24644.51,24643.18,24644.51,0.139947,1676542259999,3448.84267265,9,0.139947,3448.84267265
1676542260000,24642.6,24657.46,24642.6,24644.79,4.505149,1676542319999,111048.18953723,51,4.383898,108059.47618922
1676542320000,24650.92,24660.33,24650.92,24660.33,0.870951,1676542379999,21473.9653484,22,0.701767,17303.29394441
1676542380000,24654.38,24654.38,24643.93,24643.93,1.014034,1676542439999,24995.3938799,12,0.0,0.0
1676542440000,24647.51,24651.1,24640.63,24640.63,0.564584,1676542499999,13916.99993847,9,0.559085,13781.48574532
1676542500000,24640.49,24640.49,24625.86,24634.71,1.013126,1676542559999,24955.95297814,19,0.659029,16234.42734306
1676542560000,24628.56,24628.56,24622.56,24624.35,0.515301,1676542619999,12689.31332454,9,0.02,492.556
1676542620000,24629.55,24629.55,24623.68,24623.68,0.091769,1676542679999,2260.14279087,4,0.0885,2179.64798095
1676542680000,24623.46,24623.46,24616.85,24616.85,0.296964,1676542739999,7311.65322544,6,0.0,0.0
1676542740000,24616.07,24621.75,24616.07,24616.63,0.971641,1676542799999,23919.84612393,8,0.456611,11241.45500426
1676542800000,24622.94,24622.94,24622.94,24622.94,0.069251,1676542859999,1705.16321794,1,0.069251,1705.16321794
1676542860000,24622.94,24622.94,24622.94,24622.94,0.0,1676542919999,0.0,0,0.0,0.0
1676542920000,24622.02,24622.02,24622.02,24622.02,0.001241,1676542979999,30.55592682,1,0.001241,30.55592682
1676542980000,24622.02,24622.02,24616.85,24616.85,0.320153,1676543039999,7882.19237805,8,0.2,4924.404
1676543040000,24607.77,24607.77,24607.77,24607.77,0.009191,1676543099999,226.17001407,1,0.0,0.0
1676543100000,24608.84,24608.84,24608.84,24608.84,0.01904,1676543159999,468.5523136,2,0.0,0.0
1676543160000,24609.12,24619.01,24600.55,24618.66,2.481038,1676543219999,61056.61457228,29,1.202867,29609.4426411
1676543220000,24628.61,24628.61,24628.61,24628.61,0.00127,1676543279999,31.2783347,1,0.00127,31.2783347
1676543280000,24630.24,24631.74,24629.4,24629.4,0.330359,1676543339999,8136.81417031,10,0.086059,2119.72881966
1676543340000,24632.12,24642.51,24632.12,24642.51,2.02653,1676543399999,49931.91725408,18,2.02653,49931.91725408
1676543400000,24637.69,24637.69,24634.51,24634.51,0.298194,1676543459999,7346.60592911,4,0.0,0.0
1676543460000,24628.63,24628.98,24616.51,24628.98,3.169634,1676543519999,78046.54334137,34,0.296802,7309.2800835
1676543520000,24632.0,24632.0,24632.0,24632.0,0.001272,1676543579999,31.331904,1,0.001272,31.331904
1676543580000,24621.74,24633.73,24621.74,24633.73,0.427823,1676543639999,10537.46470651,6,0.338696,8342.88629108
1676543640000,24628.65,24629.23,24616.4,24616.4,3.54722,1676543699999,87333.05758452,49,0.004,98.51692
1676543700000,24618.99,24618.99,24618.99,24618.99,0.00481,1676543759999,118.4173419,1,0.0,0.0
1676543760000,24618.99,24618.99,24618.99,24618.99,0.0,1676543819999,0.0,0,0.0,0.0
1676543820000,24617.25,24617.25,24617.25,24617.25,0.004065,1676543879999,100.06912125,1,0.0,0.0
1676543880000,24624.53,24624.53,24620.31,24620.31,0.005153,1676543939999,126.88533743,3,0.004,98.49812
1676543940000,24620.31,24620.31,24620.31,24620.31,0.0,1676543999999,0.0,0,0.0,0.0
1676544000000,24624.38,24624.38,24624.38,24624.38,0.211037,1676544059999,5196.65528206,6,0.211037,5196.65528206
1676544060000,24620.3,24620.3,24620.3,24620.3,0.026,1676544119999,640.1278,1,0.0,0.0
1676544120000,24618.15,24632.27,24616.25,24632.27,0.744681,1676544179999,18334.69646428,16,0.488913,12038.43679295
1676544180000,24635.38,24635.38,24635.38,24635.38,0.001264,1676544239999,31.13912032,1,0.001264,31.13912032
1676544240000,24635.38,24635.38,24635.38,24635.38,0.0,1676544299999,0.0,0,0.0,0.0
1676544300000,24634.62,24634.62,24634.61,24634.61,0.094861,1676544359999,2336.86423921,2,0.0,0.0
1676544360000,24630.49,24631.58,24621.01,24621.01,0.236174,1676544419999,5816.62832747,10,0.0,0.0
1676544420000,24621.01,24621.01,24621.01,24621.01,0.0,1676544479999,0.0,0,0.0,0.0
1676544480000,24626.82,24630.12,24626.82,24630.12,0.039999,1676544539999,985.11417318,3,0.039999,985.11417318
1676544540000,24633.18,24636.85,24626.77,24636.85,0.148946,1676544599999,3668.71966826,9,0.079946,1969.47055626
1676544600000,24629.61,24629.61,24629.61,24629.61,0.007103,1676544659999,174.94411983,1,0.0,0.0
1676544660000,24629.61,24629.61,24629.61,24629.61,0.0,1676544719999,0.0,0,0.0,0.0
1676544720000,24627.0,24629.55,24627.0,24629.55,0.276602,1676544779999,6812.48469842,3,0.276602,6812.48469842
1676544780000,24634.08,24634.08,24614.84,24618.23,0.806252,1676544839999,19852.22585835,14,0.045209,1112.96345098
1676544840000,24618.23,24618.23,24618.23,24618.23,0.0,1676544899999,0.0,0,0.0,0.0
1676544900000,24623.49,24624.73,24623.49,24624.73,0.092839,1676544959999,2286.10605935,2,0.092839,2286.10605935
1676544960000,24625.76,24625.76,24625.76,24625.76,0.207375,1676545019999,5106.76698,6,0.207375,5106.76698
1676545020000,24623.84,24623.84,24615.98,24615.98,0.113351,1676545079999,2790.95484238,4,0.09019,2220.8241296
1676545080000,24620.56,24620.67,24620.5,24620.67,0.075066,1676545139999,1848.16744331,5,0.075066,1848.16744331
1676545140000,24615.84,24615.84,24615.84,24615.84,0.001023,1676545199999,25.18200432,1,0.0,0.0
1676545200000,24621.21,24625.22,24615.16,24619.4,0.430045,1676545259999,10589.25197439,9,0.409897,10093.30573071
1676545260000,24615.84,24615.84,24613.93,24613.93,0.074524,1676545319999,1834.33859075,4,0.005273,129.79932432
1676545320000,24605.87,24611.87,24603.35,24611.87,0.639806,1676545379999,15743.67385476,11,0.229616,5651.01499585
1676545380000,24612.31,24612.31,24603.05,24605.98,0.059144,1676545439999,1455.2514568,4,0.04126,1015.2505106
1676545440000,24608.39,24608.39,24608.39,24608.39,0.0199,1676545499999,489.706961,1,0.0199,489.706961
1676545500000,24608.39,24608.39,24608.39,24608.39,0.0,1676545559999,0.0,0,0.0,0.0
1676545560000,24601.69,24605.16,24601.69,24605.16,0.214364,1676545619999,5273.78560324,2,0.019864,488.75689824
1676545620000,24605.16,24605.16,24605.16,24605.16,0.0,1676545679999,0.0,0,0.0,0.0
1676545680000,24606.53,24621.47,24606.53,24617.34,0.699704,1676545739999,17223.70754039,14,0.653799,16093.64828769
1676545740000,24618.41,24618.42,24618.41,24618.42,0.059825,1676545799999,1472.7967765,3,0.059825,1472.7967765
1676545800000,24627.88,24627.88,24619.53,24619.53,0.118152,1676545859999,2908.87154203,4,0.002919,71.88878172
1676545860000,24613.35,24613.35,24612.83,24612.83,0.237067,1676545919999,5834.99570159,4,0.0,0.0
1676545920000,24611.78,24611.79,24611.78,24611.79,0.040046,1676545979999,985.60354188,2,0.040046,985.60354188
1676545980000,24612.81,24612.82,24595.94,24595.94,0.277867,1676546039999,6835.5861291,7,0.059996,1476.67054872
1676546040000,24594.76,24594.76,24555.24,24557.33,3.223943,1676546099999,79210.74224422,63,1.476491,36274.36173948
1676546100000,24555.21,24570.3,24552.74,24560.07,1.677738,1676546159999,41213.67835008,19,1.253356,30791.96000752
1676546160000,24564.01,24567.52,24556.51,24564.18,0.862607,1676546219999,21187.51143872,18,0.289654,7114.54733463
1676546220000,24571.79,24578.29,24564.09,24564.09,3.859098,1676546279999,94823.69397938,42,2.237101,54978.38879441
1676546280000,24557.68,24570.99,24557.64,24563.51,0.420202,1676546339999,10322.69522924,11,0.188751,4637.43224006
1676546340000,24570.74,24572.24,24559.6,24559.6,0.486283,1676546399999,11946.37707987,7,0.272452,6694.67676427
1676546400000,24565.48,24571.99,24565.48,24571.99,0.091939,1676546459999,2258.88200118,4,0.091939,2258.88200118
1676546460000,24573.3,24577.23,24573.3,24577.23,0.777316,1676546519999,19102.94957845,10,0.777316,19102.94957845
1676546520000,24579.77,24585.04,24579.56,24579.56,0.317863,1676546579999,7813.26772898,9,0.058787,1445.27092558
1676546580000,24573.35,24573.35,24573.35,24573.35,0.070157,1676546639999,1723.99251595,2,0.0,0.0
1676546640000,24581.84,24589.97,24581.84,24589.97,1.901823,1676546699999,46759.90294411,19,1.901823,46759.90294411
1676546700000,24586.08,24586.08,24578.08,24578.56,0.262558,1676546759999,6453.20487298,6,0.061344,1507.75108386
1676546760000,24575.45,24575.45,24574.53,24574.53,0.198782,1676546819999,4885.13829806,5,0.0,0.0
1676546820000,24572.23,24572.23,24567.19,24569.25,0.561281,1676546879999,13789.14914768,7,0.019812,486.765981
1676546880000,24563.59,24569.4,24563.59,24569.4,0.059908,1676546939999,1471.69544188,4,0.040078,984.59945218
1676546940000,24573.52,24574.05,24566.12,24566.12,0.730707,1676546999999,17953.75489623,20,0.069251,1701.77753655
1676547000000,24566.12,24575.88,24566.12,24571.15,1.156291,1676547059999,28413.69944909,21,1.119192,27502.23515644
1676547060000,24569.82,24570.59,24569.82,24570.59,0.020875,1676547119999,512.9104387,5,0.02006,492.8860354
1676547120000,24564.55,24564.55,24564.55,24564.55,0.007731,1676547179999,189.90853605,1,0.0,0.0
1676547180000,24562.44,24562.44,24555.18,24555.18,0.490208,1676547239999,12040.06626546,4,0.0,0.0
1676547240000,24556.1,24556.12,24548.34,24548.34,0.832109,1676547299999,20430.93960621,20,0.317694,7800.14262666
1676547300000,24547.81,24555.44,24529.94,24551.79,3.552556,1676547359999,87184.28318143,51,1.820044,44677.01034143
1676547360000,24543.85,24543.85,24541.72,24541.72,0.22671,1676547419999,5564.15799597,4,0.0,0.0
1676547420000,24543.73,24550.38,24541.38,24541.38,0.996076,1676547479999,24450.80910783,21,0.851922,20912.81193363
1676547480000,24543.08,24543.08,24540.55,24540.55,0.183906,1676547539999,4513.5692577,4,0.0,0.0
1676547540000,24542.11,24546.9,24536.13,24546.9,0.215785,1676547599999,5295.9310162,11,0.119695,2938.0741463
1676547600000,24552.66,24552.66,24552.66,24552.66,0.001328,1676547659999,32.60593248,1,0.001328,32.60593248
1676547660000,24541.54,24541.54,24538.26,24538.26,0.066274,1676547719999,1626.39975161,4,0.0,0.0
1676547720000,24532.43,24532.43,24521.66,24526.52,0.514418,1676547779999,12617.12975533,13,0.440983,10815.81312074
1676547780000,24528.83,24528.83,24520.29,24520.29,0.114809,1676547839999,2815.96127461,4,0.0,0.0
1676547840000,24517.28,24520.25,24508.12,24508.12,0.521274,1676547899999,12778.58092412,23,0.12144,2977.55216642
1676547900000,24516.91,24532.47,24514.67,24532.47,0.759789,1676547959999,18630.11728473,23,0.579055,14198.65591015
1676547960000,24530.1,24540.66,24530.1,24540.66,0.04405,1676548019999,1080.672171,4,0.04405,1080.672171
1676548020000,24530.33,24530.35,24526.87,24529.65,0.727942,1676548079999,17855.51168218,14,0.146811,3601.21961764
1676548080000,24529.65,24529.65,24529.65,24529.65,0.0,1676548139999,0.0,0,0.0,0.0
1676548140000,24523.61,24523.61,24514.72,24514.72,0.053542,1676548199999,1312.80781094,4,0.019885,487.65198485
1676548200000,24522.03,24523.39,24515.67,24523.35,0.726529,1676548259999,17814.78518731,26,0.401194,9838.28563966
1676548260000,24531.0,24535.3,24531.0,24535.3,0.039912,1676548319999,979.1667388,2,0.039912,979.1667388
1676548320000,24538.57,24544.35,24538.57,24541.41,0.694526,1676548379999,17044.50805376,17,0.57655,14149.3216483
1676548380000,24535.68,24537.87,24535.42,24535.42,0.217616,1676548439999,5339.63026548,6,0.12994,3188.4508278
1676548440000,24535.42,24535.42,24535.42,24535.42,0.0,1676548499999,0.0,0,0.0,0.0
1676548500000,24541.28,24547.81,24541.28,24543.2,0.441785,1676548559999,10843.23027407,14,0.415785,10205.10707407
1676548560000,24546.37,24560.02,24546.37,24557.43,0.700405,1676548619999,17196.58636138,14,0.654284,16063.97293114
1676548620000,24556.43,24574.17,24554.14,24568.62,0.768981,1676548679999,18889.26178942,20,0.34097,8377.73450132
1676548680000,24572.2,24575.88,24572.2,24575.88,0.140669,1676548739999,3456.55088292,4,0.140669,3456.55088292
1676548740000,24575.88,24575.88,24575.88,24575.88,0.0,1676548799999,0.0,0,0.0,0.0
1676548800000,24565.27,24565.27,24562.44,24564.4,0.431836,1676548859999,10607.68105845,10,0.0,0.0
1676548860000,24564.67,24564.67,24555.39,24555.39,0.347929,1676548919999,8545.36752921,6,0.0,0.0
1676548920000,24555.39,24555.39,24555.39,24555.39,0.0,1676548979999,0.0,0,0.0,0.0
1676548980000,24552.86,24552.86,24552.86,24552.86,0.019853,1676549039999,487.44792958,2,0.0,0.0
1676549040000,24547.81,24547.81,24537.33,24537.33,0.397192,1676549099999,9747.56471966,11,0.059804,1467.93742124
1676549100000,24537.31,24544.57,24537.31,24537.49,0.080068,1676549159999,1964.80368636,4,0.060238,1478.22525966
1676549160000,24541.9,24541.91,24539.5,24539.5,0.173892,1676549219999,4267.32086511,7,0.03988,978.731172
1676549220000,24539.28,24541.94,24539.28,24541.94,0.313958,1676549279999,7704.9599029,15,0.313958,7704.9599029
1676549280000,24535.71,24535.71,24528.83,24528.83,0.114908,1676549339999,2818.69576468,3,0.0,0.0
1676549340000,24521.85,24521.85,24495.91,24500.5,1.243647,1676549399999,30473.47223947,29,0.672684,16480.1104885
1676549400000,24494.59,24498.49,24466.84,24482.51,3.139032,1676549459999,76847.42920955,71,2.395201,58639.13191158
1676549460000,24490.23,24490.23,24490.23,24490.23,0.000409,1676549519999,10.01650407,1,0.000409,10.01650407
1676549520000,24473.97,24473.97,24458.4,24458.4,0.205514,1676549579999,5029.47905389,10,0.0,0.0
1676549580000,24465.99,24476.2,24465.99,24474.05,0.5814,1676549639999,14226.2320787,7,0.5554,13589.9067787
1676549640000,24474.05,24474.05,24474.05,24474.05,0.0,1676549699999,0.0,0,0.0,0.0
1676549700000,24473.57,24507.86,24473.57,24507.86,2.446501,1676549759999,59925.92369009,58,1.795025,43970.65554056
1676549760000,24510.97,24510.97,24493.97,24493.97,0.47653,1676549819999,11672.92558002,12,0.130743,3202.78821437
1676549820000,24495.52,24506.13,24495.48,24501.03,0.278549,1676549879999,6824.77329302,12,0.0,0.0
1676549880000,24500.81,24513.53,24495.86,24513.53,0.102697,1676549939999,2516.20559985,11,0.040797,999.89634949
1676549940000,24507.99,24513.8,24507.09,24511.29,0.094745,1676549999999,2322.125826,5,0.042745,1047.733746
1676550000000,24515.52,24542.77,24510.3,24533.5,3.195642,1676550059999,78383.07709445,71,2.046045,50198.29315634
1676550060000,24533.15,24548.76,24527.5,24548.76,1.813781,1676550119999,44512.10297476,28,1.230536,30202.0683005
1676550120000,24551.61,24551.61,24534.29,24534.29,0.142821,1676550179999,3504.36063995,9,0.001335,32.77639935
1676550180000,24528.68,24536.93,24528.44,24536.93,0.501065,1676550239999,12292.23630053,9,0.202614,4970.99651836
1676550240000,24532.43,24532.43,24530.0,24532.43,0.463665,1676550299999,11373.82476667,6,0.0,0.0
1676550300000,24529.08,24529.13,24525.27,24525.27,0.173973,1676550359999,4267.1440361,9,0.094162,2309.7088766
1676550360000,24528.93,24528.93,24523.19,24523.19,0.03469,1676550419999,850.8121497,2,0.01789,438.8225577
1676550420000,24521.85,24521.85,24516.59,24516.83,0.028643,1676550479999,702.33433867,5,0.0,0.0
1676550480000,24524.02,24524.02,24507.25,24512.53,2.634139,1676550539999,64560.12729714,17,0.023466,575.22626472
1676550540000,24514.74,24516.15,24514.74,24516.15,0.236809,1676550599999,5805.61689366,3,0.2169,5317.552935
1676550600000,24515.13,24521.58,24515.13,24521.58,0.265761,1676550659999,6516.30807843,5,0.265761,6516.30807843
1676550660000,24526.9,24536.25,24523.82,24530.0,1.106269,1676550719999,27133.52832104,27,0.374229,9179.45813155
1676550720000,24530.0,24530.0,24530.0,24530.0,0.0,1676550779999,0.0,0,0.0,0.0
1676550780000,24538.42,24548.76,24538.42,24548.76,0.963062,1676550839999,23635.65333739,18,0.895084,21967.36581215
1676550840000,24548.76,24554.94,24543.89,24552.35,0.572909,1676550899999,14064.69560303,14,0.373828,9178.06259617
1676550900000,24552.67,24552.67,24549.38,24550.07,0.515903,1676550959999,12665.9509397,6,0.170396,4183.67675732
1676550960000,24550.07,24550.07,24550.07,24550.07,0.0,1676551019999,0.0,0,0.0,0.0
1676551020000,24550.07,24550.07,24550.07,24550.07,0.0,1676551079999,0.0,0,0.0,0.0
1676551080000,24550.07,24550.07,24550.07,24550.07,0.0,1676551139999,0.0,0,0.0,0.0
1676551140000,24550.07,24550.07,24550.07,24550.07,0.0,1676551199999,0.0,0,0.0,0.0
1676551200000,24551.55,24551.55,24547.88,24547.88,0.02135,1676551259999,524.1021925,3,0.02135,524.1021925
1676551260000,24548.94,24550.9,24542.84,24542.84,1.584343,1676551319999,38890.04238927,19,0.584343,14345.64948925
1676551320000,24549.76,24553.14,24549.76,24553.14,0.438,1676551379999,10753.88067829,4,0.438,10753.88067829
1676551380000,24547.05,24551.79,24547.05,24547.05,0.424965,1676551439999,10432.41611266,15,0.162852,3998.30810508
1676551440000,24554.1,24573.8,24554.1,24571.86,0.309269,1676551499999,7596.08808086,10,0.30882,7585.05531572
1676551500000,24571.86,24588.25,24570.07,24578.37,1.481898,1676551559999,36425.70875796,22,0.583936,14355.11051691
1676551560000,24581.75,24581.75,24579.66,24579.66,0.087355,1676551619999,2147.15901035,2,0.087355,2147.15901035
1676551620000,24570.78,24579.22,24570.78,24579.22,0.211118,1676551679999,5187.6653964,4,0.039518,971.3195484
1676551680000,24579.22,24579.22,24579.22,24579.22,0.0,1676551739999,0.0,0,0.0,0.0
1676551740000,24570.24,24574.11,24567.46,24567.46,0.087847,1676551799999,2158.68826225,3,0.087267,2144.43913545
1676551800000,24567.46,24567.46,24567.46,24567.46,0.0,1676551859999,0.0,0,0.0,0.0
1676551860000,24580.28,24589.01,24580.28,24589.01,0.358886,1676551919999,8823.87290011,11,0.358886,8823.87290011
1676551920000,24591.15,24594.45,24586.26,24586.26,0.246637,1676551979999,6065.33091546,4,0.177386,4362.7078242
1676551980000,24595.17,24597.2,24588.29,24591.41,0.833054,1676552039999,20485.68305556,24,0.272941,6712.23453617
1676552040000,24597.73,24603.05,24584.61,24584.61,1.790064,1676552099999,44034.54235062,38,0.358136,8810.34026861
1676552100000,24580.0,24585.93,24580.0,24585.93,0.070035,1676552159999,1721.69537275,4,0.039675,975.44657275
1676552160000,24576.98,24586.48,24576.98,24578.5,0.215031,1676552219999,5284.85113396,3,0.000869,21.36565112
1676552220000,24575.89,24582.98,24575.0,24582.98,0.064093,1676552279999,1575.10650878,4,0.000639,15.70852422
1676552280000,24578.03,24585.93,24578.03,24585.93,0.152617,1676552339999,3751.77373991,5,0.152617,3751.77373991
1676552340000,24585.93,24585.93,24585.93,24585.93,0.0,1676552399999,0.0,0,0.0,0.0
1676552400000,24585.93,24585.93,24585.93,24585.93,0.0,1676552459999,0.0,0,0.0,0.0
1676552460000,24586.09,24589.53,24573.8,24589.53,1.584997,1676552519999,38956.22012559,21,0.501322,12323.59239312
1676552520000,24594.56,24595.76,24591.65,24595.76,0.28243,1676552579999,6946.24851511,6,0.259251,6376.22559407
1676552580000,24596.72,24608.78,24595.75,24608.78,0.384863,1676552639999,9467.66110106,8,0.147375,3626.44632594
1676552640000,24608.8,24609.53,24596.33,24607.15,0.439737,1676552699999,10819.97351916,11,0.43933,10809.96281285
1676552700000,24600.72,24606.76,24591.41,24592.57,2.802071,1676552759999,68925.69014613,52,1.144115,28144.12155724
1676552760000,24589.53,24599.75,24586.65,24599.75,0.168172,1676552819999,4135.52526574,8,0.078728,1936.3387873
1676552820000,24601.8,24601.8,24592.45,24592.45,0.136905,1676552879999,3366.97103065,5,0.001338,32.9172084
1676552880000,24595.67,24595.68,24592.66,24592.66,0.029397,1676552939999,722.97861256,3,0.009357,230.14170616
1676552940000,24599.08,24601.99,24599.08,24601.99,1.70245,1676552999999,41883.49085688,15,0.07617,1873.76655968
1676553000000,24593.55,24598.3,24592.0,24597.21,0.736795,1676553059999,18122.27941554,16,0.517521,12729.45882384
1676553060000,24592.02,24603.39,24588.16,24595.59,0.672424,1676553119999,16537.55087836,14,0.313068,7700.74035084
1676553120000,24596.58,24596.6,24591.87,24593.39,0.277548,1676553179999,6826.47228162,15,0.256488,6308.5653319
1676553180000,24597.4,24597.4,24590.43,24590.43,0.015612,1676553239999,383.91500053,2,0.001321,32.4931654
1676553240000,24590.43,24590.43,24576.92,24578.29,2.553083,1676553299999,62770.55363219,44,2.017501,49605.27265136
1676553300000,24584.17,24584.67,24575.89,24575.89,0.158713,1676553359999,3901.16533587,9,0.074233,1824.97730011
1676553360000,24580.11,24581.78,24580.11,24581.78,0.079552,1676553419999,1955.43313482,5,0.079552,1955.43313482
1676553420000,24586.26,24587.48,24582.49,24585.1,0.488052,1676553479999,11998.22755364,14,0.0559,1374.40795256
1676553480000,24573.8,24573.8,24566.3,24566.53,0.36058,1676553539999,8858.656851,5,0.2364,5807.55408
1676553540000,24566.7,24566.7,24554.6,24558.93,2.120081,1676553599999,52063.98392307,19,0.51232,12583.71235766
1676553600000,24555.42,24559.85,24553.65,24559.85,0.313004,1676553659999,7686.01385277,7,0.055715,1368.33702187
1676553660000,24561.15,24565.99,24561.15,24565.56,0.325972,1676553719999,8007.33668734,12,0.259822,6382.42645492
1676553720000,24561.29,24561.29,24558.08,24558.08,0.12942,1676553779999,3178.6581765,4,0.0,0.0
1676553780000,24558.93,24561.96,24558.93,24561.96,0.094984,1676553839999,2332.91083697,5,0.094984,2332.91083697
1676553840000,24559.52,24559.55,24533.78,24544.47,5.970056,1676553899999,146549.95426725,47,2.347927,57641.67840242
1676553900000,24542.44,24546.65,24516.51,24523.69,1.649078,1676553959999,40453.07292066,32,0.647373,15876.75520737
1676553960000,24531.37,24531.37,24531.37,24531.37,0.00115,1676554019999,28.2110755,1,0.00115,28.2110755
1676554020000,24531.37,24531.37,24531.37,24531.37,0.0,1676554079999,0.0,0,0.0,0.0
1676554080000,24533.37,24539.89,24533.37,24539.89,0.038603,1676554139999,947.19116279,3,0.019859,487.33767551
1676554140000,24536.5,24575.89,24531.93,24559.45,3.647319,1676554199999,89568.04067398,54,2.537018,62308.19793416
1676554200000,24562.2,24564.48,24472.23,24550.51,11.85987,1676554259999,290885.39733543,190,4.012913,98403.43353907
1676554260000,24550.19,24550.19,24492.31,24492.31,1.008635,1676554319999,24730.34137047,29,0.002,49.10038
1676554320000,24498.68,24517.68,24442.1,24509.52,7.023642,1676554379999,171870.79780143,88,4.028511,98599.55919727
1676554380000,24501.65,24552.51,24501.65,24534.32,0.615138,1676554439999,15096.97349402,23,0.492821,12096.82756097
1676554440000,24540.82,24597.2,24540.82,24597.2,16.412227,1676554499999,403287.22022759,147,13.276102,326245.73476804
1676554500000,24597.81,24661.52,24596.07,24596.07,9.648601,1676554559999,237608.1475782,137,2.795317,68835.40830848
1676554560000,24607.05,24617.37,24540.03,24565.91,5.615216,1676554619999,138001.69663968,64,0.987957,24301.03878603
1676554620000,24551.32,24551.32,24534.79,24543.84,0.586709,1676554679999,14399.64988057,15,0.502763,12339.66414288
1676554680000,24536.66,24544.77,24515.5,24544.77,1.517129,1676554739999,37214.87735081,34,0.842341,20669.13556695
1676554740000,24547.81,24579.2,24547.81,24556.8,1.397031,1676554799999,34311.28813729,21,1.379038,33869.478479
1676554800000,24563.65,24576.51,24547.81,24547.81,1.2467,1676554859999,30625.28286729,21,0.68764,16894.68503751
1676554860000,24545.13,24545.13,24521.66,24521.66,1.740708,1676554919999,42690.96927414,15,0.343497,8427.7406656
1676554920000,24518.21,24526.26,24495.5,24522.57,5.686233,1676554979999,139398.47236013,61,1.145763,28091.1504405
1676554980000,24517.83,24542.69,24517.83,24533.33,1.017725,1676555039999,24971.29473822,15,0.64859,15917.89471046
1676555040000,24520.49,24527.56,24520.49,24527.56,0.154953,1676555099999,3799.85094809,6,0.154953,3799.85094809
1676555100000,24514.54,24522.95,24474.53,24474.81,8.046655,1676555159999,197117.87964221,113,3.599588,88202.29347217
1676555160000,24473.25,24502.33,24464.62,24481.38,4.118048,1676555219999,100820.79760809,72,1.985806,48614.84988934
1676555220000,24478.49,24496.4,24467.55,24467.55,4.342829,1676555279999,106341.30417149,32,3.260924,79860.95771679
1676555280000,24467.55,24469.7,24421.74,24457.06,10.637553,1676555339999,260097.95918187,175,4.737751,115863.98611679
1676555340000,24447.91,24447.91,24392.79,24419.83,9.183571,1676555399999,224206.8769264,232,1.920244,46890.81290063
1676555400000,24440.86,24441.92,24414.1,24441.92,1.484111,1676555459999,36250.64659512,36,1.199501,29300.47699178
1676555460000,24443.09,24462.8,24443.09,24462.59,1.198229,1676555519999,29296.86480902,24,0.612642,14981.51387319
1676555520000,24455.89,24468.29,24455.89,24466.37,0.683455,1676555579999,16718.9815724,16,0.683455,16718.9815724
1676555580000,24470.0,24470.0,24419.8,24429.1,7.773252,1676555639999,189953.34818625,70,1.865404,45592.07840916
1676555640000,24429.34,24444.12,24418.26,24444.12,0.229344,1676555699999,5603.29889453,10,0.166474,4067.80169707
1676555700000,24444.12,24448.68,24444.12,24448.66,0.188868,1676555759999,4617.2809075,6,0.083271,2035.57400328
1676555760000,24448.04,24448.04,24431.14,24431.14,0.109345,1676555819999,2671.96941823,11,0.0,0.0
1676555820000,24444.43,24448.15,24431.56,24431.56,0.684632,1676555879999,16734.32827641,10,0.402166,9831.33397129
1676555880000,24429.63,24433.32,24400.85,24414.86,2.112478,1676555939999,51559.17639216,38,1.254558,30619.91020436
1676555940000,24411.58,24443.18,24359.69,24443.18,6.179605,1676555999999,150756.79680304,140,3.19629,78010.08842292
1676556000000,24443.73,24451.56,24408.66,24408.66,1.035229,1676556059999,25284.90709974,26,0.511604,12501.21429984
1676556060000,24408.04,24414.27,24392.43,24398.59,3.092132,1676556119999,75462.59644047,32,2.603382,63537.54920663
1676556120000,24394.87,24394.87,24358.5,24372.8,5.790315,1676556179999,141133.9568908,85,3.043805,74198.96079968
1676556180000,24360.46,24374.43,24358.02,24374.43,0.909176,1676556239999,22153.72672551,12,0.348402,8491.30572073
1676556240000,24373.88,24373.88,24350.63,24356.74,0.479723,1676556299999,11687.88690913,10,0.471808,11495.14413158
1676556300000,24356.74,24386.61,24348.19,24379.96,2.982273,1676556359999,72665.83177325,36,2.439888,59446.49686622
1676556360000,24392.43,24425.93,24392.43,24418.15,1.804857,1676556419999,44063.86959465,39,1.604953,39186.52548555
1676556420000,24418.19,24418.19,24404.94,24408.66,0.358706,1676556479999,8755.50350079,11,0.007457,182.07166936
1676556480000,24408.66,24423.75,24408.66,24415.91,1.474547,1676556539999,36007.75075714,41,0.431382,10534.58762224
1676556540000,24410.43,24442.1,24409.63,24435.59,0.731236,1676556599999,17861.17630212,29,0.354106,8651.20482222
1676556600000,24441.76,24454.59,24433.1,24454.59,1.537588,1676556659999,37594.4631504,22,1.5175,37103.6510376
1676556660000,24460.2,24495.06,24460.2,24487.14,6.87597,1676556719999,168336.07197958,113,4.738411,116013.88651715
1676556720000,24484.7,24486.27,24459.59,24463.27,4.592755,1676556779999,112367.63336098,38,0.831376,20351.20569203
1676556780000,24463.27,24476.8,24463.27,24464.37,2.05643,1676556839999,50324.61439435,15,1.281929,31376.92721305
1676556840000,24464.41,24465.17,24443.39,24443.39,0.821623,1676556899999,20090.17944943,22,0.0,0.0
1676556900000,24447.56,24455.18,24427.14,24427.14,0.661436,1676556959999,16164.46825665,16,0.255809,6255.29905667
1676556960000,24433.4,24433.4,24407.25,24413.41,0.90982,1676557019999,22214.51032889,31,0.614383,15001.51628308
1676557020000,24410.96,24410.96,24379.6,24410.34,3.339361,1676557079999,81447.86756711,65,2.422925,59099.45815625
1676557080000,24397.77,24413.56,24395.62,24396.46,0.709113,1676557139999,17303.26217491,16,0.594734,14512.17796444
1676557140000,24387.95,24408.29,24382.95,24405.12,3.165724,1676557199999,77233.61355353,37,2.961337,72249.41419996
1676557200000,24403.99,24408.63,24403.15,24404.43,0.682198,1676557259999,16649.11228329,18,0.539986,13178.53362213
1676557260000,24394.82,24411.9,24394.23,24404.9,0.514835,1676557319999,12563.89490423,15,0.305787,7464.06943464
1676557320000,24404.66,24413.56,24401.62,24413.56,0.895419,1676557379999,21853.96101937,14,0.396876,9688.34611471
1676557380000,24418.26,24418.85,24413.96,24413.96,0.080877,1676557439999,1974.77058518,6,0.02064,503.9928864
1676557440000,24410.41,24410.41,24377.5,24388.5,2.068143,1676557499999,50439.40264046,45,1.078698,26304.52943937
1676557500000,24390.4,24401.19,24359.69,24359.69,5.668195,1676557559999,138171.35805494,76,1.986121,48430.80413039
1676557560000,24367.71,24402.39,24362.35,24392.47,11.292602,1676557619999,275413.55169157,92,10.40486,253771.06150023
1676557620000,24389.96,24397.99,24375.22,24388.04,0.954322,1676557679999,23273.8875638,21,0.002,48.79598
1676557680000,24385.18,24385.18,24372.97,24382.73,0.547173,1676557739999,13336.68620691,5,0.01991,485.4601543
1676557740000,24376.46,24385.53,24368.15,24378.68,2.407305,1676557799999,58673.07859625,26,0.46834,11417.9200667
1676557800000,24396.31,24418.26,24394.96,24418.18,3.695446,1676557859999,90181.72990707,46,1.35749,33130.46812191
1676557860000,24405.08,24410.68,24397.02,24397.02,0.867654,1676557919999,21176.22391049,10,0.263149,6422.94002386
1676557920000,24409.08,24431.18,24407.49,24431.18,1.97873,1676557979999,48310.11387547,31,1.175059,28693.431729
1676557980000,24429.0,24444.97,24419.96,24438.77,10.169373,1676558039999,248466.76503445,99,6.636922,162165.67570154
1676558040000,24432.9,24432.9,24382.16,24387.07,2.805252,1676558099999,68476.18120186,23,0.477345,11649.78894132
1676558100000,24379.51,24379.51,24293.56,24364.94,14.019141,1676558159999,341184.30325894,259,6.864027,167078.90598422
1676558160000,24364.94,24379.06,24339.0,24346.52,3.000698,1676558219999,73080.6878795,36,1.349221,32864.23233278
1676558220000,24341.75,24341.75,24309.82,24309.83,1.179801,1676558279999,28696.4951075,35,0.710592,17285.92411998
1676558280000,24305.95,24355.16,24304.11,24352.6,5.837694,1676558339999,142038.15981154,77,2.922341,71107.88050188
1676558340000,24355.02,24385.0,24355.02,24361.51,4.392793,1676558399999,107053.29990383,74,3.607554,87921.64263254
1676558400000,24372.57,24396.03,24372.57,24393.09,2.292743,1676558459999,55915.25058181,51,1.653319,40323.09673652
1676558460000,24391.65,24415.3,24386.63,24396.22,1.117707,1676558519999,27274.07618571,33,0.421214,10281.0709137
1676558520000,24386.61,24386.61,24340.86,24340.86,4.378996,1676558579999,106655.14637457,36,0.155699,3794.35265708
1676558580000,24343.9,24366.63,24310.68,24366.63,4.128556,1676558639999,100489.42365832,76,3.025534,73659.47373131
1676558640000,24366.63,24373.18,24355.28,24372.06,1.452576,1676558699999,35393.09908827,28,0.798639,19463.18267976
1676558700000,24359.61,24373.81,24328.92,24359.28,3.287304,1676558759999,80067.56775158,49,2.139837,52125.48617594
1676558760000,24356.84,24378.7,24334.46,24377.93,3.872657,1676558819999,94349.3916808,53,2.754786,67132.37533172
1676558820000,24373.47,24401.71,24372.34,24397.9,1.552408,1676558879999,37861.87143227,40,0.808572,19724.94988846
1676558880000,24391.11,24405.8,24390.19,24404.19,1.96412,1676558939999,47924.58338964,32,1.02182,24934.30223629
1676558940000,24399.5,24413.56,24393.58,24395.73,2.094151,1676558999999,51101.9438366,52,0.967834,23620.11690011
1676559000000,24394.49,24405.8,24380.67,24405.8,2.087382,1676559059999,50915.18707779,31,0.580235,14158.81975144
1676559060000,24412.47,24438.69,24412.46,24432.92,1.592489,1676559119999,38910.01230361,28,1.326878,32420.39517553
1676559120000,24439.3,24444.12,24430.52,24434.47,1.411827,1676559179999,34499.22152042,38,0.121561,2971.24284108
1676559180000,24443.35,24452.37,24438.75,24452.37,2.01393,1676559239999,49233.58773278,30,0.248482,6074.5369875
1676559240000,24446.48,24446.48,24437.98,24440.56,0.519477,1676559299999,12697.42317631,19,0.203977,4985.92371282
1676559300000,24442.52,24442.52,24424.06,24427.8,0.53772,1676559359999,13139.1853159,24,0.223553,5463.04185688
1676559360000,24434.08,24450.92,24426.73,24426.73,1.480534,1676559419999,36188.55943007,23,1.317424,32203.94499224
1676559420000,24431.2,24442.7,24417.79,24442.7,2.477615,1676559479999,60513.56584104,44,0.845091,20646.67554831
1676559480000,24440.74,24450.16,24425.1,24430.55,1.810213,1676559539999,44225.50680242,24,0.454055,11097.9658379
1676559540000,24418.26,24428.75,24413.56,24424.74,1.202223,1676559599999,29362.64803032,31,0.948222,23159.91671826
1676559600000,24420.41,24420.41,24400.94,24400.94,1.472889,1676559659999,35958.21718181,37,0.863197,21072.70534318
1676559660000,24407.37,24411.56,24392.43,24399.09,1.237169,1676559719999,30190.2454603,41,0.898115,21915.64453933
1676559720000,24389.24,24413.56,24384.74,24403.98,3.185311,1676559779999,77721.53243797,85,1.821393,44444.01761658
1676559780000,24409.04,24423.23,24393.85,24408.73,0.936056,1676559839999,22844.36996411,43,0.50627,12357.55637745
1676559840000,24409.05,24426.25,24409.05,24414.93,1.056175,1676559899999,25792.77583808,15,0.780139,19053.16993522
1676559900000,24414.93,24439.42,24412.5,24429.12,0.701953,1676559959999,17141.28534259,23,0.407802,9958.97231367
1676559960000,24435.44,24464.36,24435.44,24455.32,2.112371,1676560019999,51646.96843749,33,1.81235,44310.49074406
1676560020000,24461.94,24475.49,24461.94,24462.97,1.834792,1676560079999,44894.74580619,55,1.036188,25353.05951423
1676560080000,24464.54,24479.53,24464.53,24472.16,1.37265,1676560139999,33589.99442587,26,0.710763,17395.39304248
1676560140000,24470.3,24475.16,24455.57,24464.96,1.370156,1676560199999,33514.90009305,32,0.265191,6489.68890782
1676560200000,24469.08,24479.53,24457.66,24457.66,2.592763,1676560259999,63447.38238296,29,2.085631,51042.68162743
1676560260000,24466.38,24486.31,24466.38,24474.59,1.576194,1676560319999,38587.98202673,30,1.2065,29538.90919965
1676560320000,24475.99,24514.16,24475.99,24508.29,2.630555,1676560379999,64443.79636354,51,1.979303,48491.42255512
1676560380000,24513.41,24526.55,24509.6,24509.6,1.316509,1676560439999,32279.33189194,23,0.81655,20024.23330249
1676560440000,24496.57,24510.23,24492.06,24494.89,0.399057,1676560499999,9775.7543949,15,0.278447,6821.20694314
1676560500000,24497.96,24500.08,24476.75,24476.75,0.207517,1676560559999,5082.2481187,12,0.12326,3019.19478402
1676560560000,24473.68,24490.33,24467.41,24475.64,3.624483,1676560619999,88708.51058453,29,0.71828,17580.35985832
1676560620000,24488.94,24498.05,24476.98,24498.05,1.711369,1676560679999,41911.58738322,53,1.543694,37806.36238753
1676560680000,24504.37,24521.85,24494.02,24513.25,1.401988,1676560739999,34361.57841266,35,0.959203,23509.8238956
1676560740000,24511.49,24535.14,24511.48,24527.61,0.676831,1676560799999,16597.62050287,25,0.3031,7433.45399535
1676560800000,24535.14,24560.19,24529.44,24560.19,3.294623,1676560859999,80862.81893084,67,2.415927,59304.37530991
1676560860000,24552.73,24587.56,24548.38,24558.65,3.489945,1676560919999,85743.80439717,93,1.317367,32371.70187808
1676560920000,24573.63,24580.28,24564.18,24564.18,1.856642,1676560979999,45627.26956402,48,1.789809,43985.1846755
1676560980000,24577.25,24577.92,24555.39,24567.16,1.677328,1676561039999,41205.65595407,47,0.711777,17489.05550065
1676561040000,24556.92,24556.92,24535.8,24555.69,1.449733,1676561099999,35586.16848793,22,0.500488,12287.13147004
1676561100000,24558.58,24558.58,24550.0,24554.89,0.355674,1676561159999,8733.52142786,12,0.243084,5969.41029686
1676561160000,24549.82,24561.06,24544.71,24544.71,1.263276,1676561219999,31008.73697735,19,0.047755,1172.64780665
1676561220000,24528.8,24540.01,24514.31,24532.73,0.774073,1676561279999,18986.2315023,29,0.425349,10433.01082053
1676561280000,24536.11,24536.11,24523.78,24523.78,0.440437,1676561339999,10802.24147377,10,0.081247,1993.20447457
1676561340000,24527.34,24543.38,24524.61,24543.38,0.641067,1676561399999,15727.25950905,25,0.325334,7982.80782026
1676561400000,24539.25,24560.58,24527.2,24560.15,2.216508,1676561459999,54412.30454121,43,1.212306,29768.33046938
1676561460000,24555.2,24567.98,24553.01,24553.01,0.61495,1676561519999,15102.40507031,17,0.43293,10633.26619011
1676561520000,24553.91,24555.93,24552.16,24553.14,0.304673,1676561579999,7480.85766513,9,0.016,392.89488
1676561580000,24550.73,24565.67,24549.55,24563.7,2.888181,1676561639999,70938.28785789,45,2.043215,50187.45233111
1676561640000,24560.02,24560.49,24551.19,24560.49,0.260585,1676561699999,6399.83095793,9,0.240745,5912.73534833
1676561700000,24563.02,24575.89,24547.16,24547.69,0.553138,1676561759999,13586.24887357,25,0.307656,7557.70670149
1676561760000,24547.23,24554.04,24547.23,24554.04,0.47075,1676561819999,11557.52012886,10,0.47075,11557.52012886
1676561820000,24563.63,24583.2,24529.63,24530.8,11.299441,1676561879999,277516.10134638,80,3.146688,77341.17583175
1676561880000,24539.22,24591.15,24535.77,24583.4,7.554632,1676561939999,185656.98208081,70,5.253543,129101.56139473
1676561940000,24568.65,24597.81,24562.54,24581.7,5.963066,1676561999999,146588.45866503,97,1.630825,40102.71153878
1676562000000,24583.02,24610.84,24569.58,24579.28,6.292749,1676562059999,154640.22996792,69,0.628852,15464.1557661
1676562060000,24586.21,24597.07,24586.21,24597.05,0.813858,1676562119999,20014.52401651,8,0.813858,20014.52401651
1676562120000,24599.82,24666.01,24599.82,24666.0,6.197277,1676562179999,152685.076517,151,4.659614,114807.59318549
1676562180000,24667.0,24737.25,24660.24,24720.43,6.551693,1676562239999,161828.96413225,176,3.304806,81652.5683316
1676562240000,24701.82,24775.21,24688.23,24762.7,6.993954,1676562299999,173034.6122905,134,3.657594,90535.92516222
1676562300000,24758.04,24843.33,24741.06,24833.46,25.770228,1676562359999,639297.60564435,343,14.051169,348694.72150952
1676562360000,24843.34,24900.0,24841.71,24861.9,2.762114,1676562419999,68665.46740928,87,0.955708,23763.89749013
1676562420000,24857.85,24960.4,24850.0,24905.01,5.261365,1676562479999,131114.81546345,109,3.522815,87814.19638893
1676562480000,24903.8,24911.2,24851.56,24892.81,5.115094,1676562539999,127275.29791293,86,2.595917,64593.68911277
1676562540000,24900.6,24937.3,24873.94,24933.16,3.978949,1676562599999,99079.29004573,47,1.826325,45487.44644172
1676562600000,24945.95,24962.24,24893.77,24903.8,6.476881,1676562659999,161477.73438531,102,3.501329,87334.4341674
1676562660000,24906.53,24912.8,24863.81,24886.44,0.955167,1676562719999,23776.99768626,22,0.628677,15653.3986573
1676562720000,24899.38,24931.31,24899.38,24920.41,1.823633,1676562779999,45455.90323138,31,1.525579,38027.92617676
1676562780000,24929.88,25006.99,24926.86,24985.27,13.479162,1676562839999,336584.80546047,240,8.351121,208566.2326096
1676562840000,24992.6,24992.6,24964.64,24971.4,1.656176,1676562899999,41368.49779674,46,0.789698,19728.67098201
1676562900000,24958.92,24970.14,24914.34,24945.29,3.047487,1676562959999,75989.12116081,59,1.289891,32169.31909197
1676562960000,24945.29,24952.86,24913.3,24922.19,1.023222,1676563019999,25509.21614195,32,0.384136,9579.69005285
1676563020000,24916.21,24977.44,24916.21,24955.47,2.471587,1676563079999,61682.83864582,57,1.231324,30724.31496253
1676563080000,24972.24,24999.65,24970.69,24976.29,2.658896,1676563139999,66424.47283548,55,1.489118,37203.01478527
1676563140000,24996.52,25076.22,24996.52,25062.14,17.093547,1676563199999,428063.1009766,337,7.101692,177883.34324391
1676563200000,25062.14,25078.72,25016.71,25050.41,8.181857,1676563259999,204883.77668097,130,4.439815,111189.00269744
1676563260000,25059.76,25101.49,25059.76,25101.49,12.242372,1676563319999,307091.14004855,199,6.451021,161846.81125898
1676563320000,25101.49,25162.28,25093.75,25141.48,7.748529,1676563379999,194791.44858971,190,4.897256,123115.00661085
1676563380000,25158.9,25189.01,25133.44,25181.01,8.166492,1676563439999,205499.85381065,164,5.091988,128141.48194009
1676563440000,25187.27,25241.45,25177.71,25222.54,9.592509,1676563499999,241854.85728796,200,6.598063,166338.12154095
1676563500000,25230.78,25248.03,25119.28,25119.28,13.915415,1676563559999,350475.36153055,233,4.628155,116533.70508056
1676563560000,25111.6,25166.1,25099.31,25147.66,8.156444,1676563619999,204958.24106591,132,4.940459,124152.09154327
1676563620000,25147.65,25147.65,24703.54,24770.34,50.25566,1676563679999,1250216.26832453,730,12.485989,310626.39366781
1676563680000,24767.96,24868.36,24726.59,24730.7,14.283747,1676563739999,354218.33447338,260,11.439186,283706.35942187
1676563740000,24731.49,24804.38,24622.93,24701.49,13.895525,1676563799999,343491.65944807,284,7.352126,181821.47264618
1676563800000,24730.3,24821.41,24730.3,24751.77,7.460102,1676563859999,184872.87480171,118,4.046167,100291.08960046
1676563860000,24755.32,24806.59,24687.42,24696.72,14.876493,1676563919999,368319.24305297,157,5.250292,130080.85779861
1676563920000,24692.76,24766.64,24684.71,24730.58,14.587186,1676563979999,360778.27864837,185,8.965386,221726.21975508
1676563980000,24747.97,24793.71,24711.18,24774.8,14.336804,1676564039999,354984.39331938,140,10.854559,268819.41316945
1676564040000,24781.46,24794.01,24742.64,24746.77,4.99132,1676564099999,123610.14814526,61,1.102671,27320.02498585
1676564100000,24745.35,24793.97,24684.71,24717.0,10.143901,1676564159999,251009.89200179,139,2.978781,73726.2878303
1676564160000,24694.3,24731.0,24657.05,24731.0,7.582294,1676564219999,187270.17858098,88,5.190836,128235.89149731
1676564220000,24720.62,24759.3,24711.99,24735.9,7.931217,1676564279999,196190.89046153,101,3.591421,88860.43859692
1676564280000,24747.33,24791.38,24730.78,24782.31,4.194652,1676564339999,103855.19735243,67,2.787348,69024.27454036
1676564340000,24787.84,24852.75,24782.24,24847.13,7.674815,1676564399999,190500.63465947,123,6.371393,158144.06913939
1676564400000,24835.84,24871.75,24795.44,24808.56,10.537009,1676564459999,261585.46110183,172,3.9047,96991.51187982
1676564460000,24817.33,24842.8,24761.71,24813.54,6.866935,1676564519999,170265.22600567,133,4.489717,111352.08678837
1676564520000,24808.28,24821.41,24786.18,24794.91,3.028133,1676564579999,75101.86631451,40,1.14214,28330.94342568
1676564580000,24790.14,24811.71,24790.14,24807.93,1.643061,1676564639999,40752.70954376,26,1.422817,35291.21035964
1676564640000,24798.92,24820.79,24757.52,24782.63,5.06476,1676564699999,125489.63594407,39,0.849859,21066.64588424
1676564700000,24774.68,24788.01,24744.42,24785.16,5.064346,1676564759999,125437.86291232,69,2.630871,65181.73231641
1676564760000,24771.94,24800.57,24760.16,24789.79,3.807981,1676564819999,94343.39676645,46,2.722698,67457.88077445
1676564820000,24795.16,24803.77,24785.36,24789.79,1.355369,1676564879999,33602.51500199,25,1.033811,25632.04705367
1676564880000,24780.53,24813.2,24766.64,24806.39,4.410491,1676564939999,109301.34481352,49,2.141997,53102.40147709
1676564940000,24808.78,24838.23,24808.78,24831.21,2.989774,1676564999999,74233.8167536,53,2.554765,63432.41113355
1676565000000,24838.23,24864.73,24818.43,24861.46,4.031246,1676565059999,100141.29470619,89,2.460145,61112.47429583
1676565060000,24861.46,24932.91,24861.46,24891.66,10.290663,1676565119999,256222.43977107,197,5.702453,141979.25453933
1676565120000,24906.9,24968.27,24891.66,24960.05,9.286342,1676565179999,231568.42173773,118,7.411123,184831.65135957
1676565180000,24968.26,25041.56,24956.77,25003.48,20.413183,1676565239999,510329.8453613,261,6.21432,155445.27545118
1676565240000,25003.49,25016.61,24968.27,24978.08,5.291571,1676565299999,132264.78070686,76,1.87917,46976.47614858
1676565300000,24968.27,24977.75,24883.81,24883.81,4.602047,1676565359999,114676.40915064,76,0.221494,5522.1924068
1676565360000,24883.4,24937.06,24861.5,24903.79,7.342686,1676565419999,182890.1033906,98,3.90435,97247.40523214
1676565420000,24916.12,24938.68,24889.18,24909.8,2.03836,1676565479999,50794.85001248,45,1.066958,26596.2453437
1676565480000,24909.8,24927.09,24875.97,24898.11,2.612048,1676565539999,65015.8880157,43,0.285176,7100.73408652
1676565540000,24902.58,24903.79,24883.63,24893.95,2.838598,1676565599999,70669.32674506,40,2.243068,55846.24687049
1676565600000,24910.58,24921.57,24897.12,24904.58,2.742917,1676565659999,68315.13682144,44,0.067905,1691.94846744
1676565660000,24909.62,24914.68,24890.72,24894.14,1.104133,1676565719999,27496.75388259,35,0.201109,5010.56638012
1676565720000,24893.89,24893.89,24848.84,24849.8,0.233913,1676565779999,5821.00682965,24,0.000804,20.01197004
1676565780000,24845.95,24893.21,24823.96,24892.74,3.522345,1676565839999,87577.43235047,55,2.644768,65779.44290018
1676565840000,24879.72,24893.49,24859.71,24861.44,1.783851,1676565899999,44377.50114868,42,0.634632,15795.44640193
1676565900000,24870.17,24876.3,24845.64,24876.3,2.345887,1676565959999,58317.63410912,55,0.779577,19386.98542298
1676565960000,24887.79,24914.13,24871.31,24914.13,1.302985,1676566019999,32428.75380415,28,0.874638,21771.99848304
1676566020000,24914.13,24932.91,24898.31,24903.94,4.072707,1676566079999,101470.83736198,83,1.413929,35234.6985475
1676566080000,24897.83,24934.56,24887.79,24914.93,1.459082,1676566139999,36349.23113829,32,1.010831,25186.90802218
1676566140000,24929.39,24931.1,24887.79,24887.79,2.103797,1676566199999,52401.44213395,45,1.026033,25560.97056416
1676566200000,24894.32,24914.13,24894.32,24901.49,0.804949,1676566259999,20046.59976451,19,0.522162,13003.68121912
1676566260000,24914.3,24925.9,24907.74,24918.81,1.693316,1676566319999,42190.07817605,20,1.643419,40946.98531436
1676566320000,24926.06,24944.4,24923.81,24944.4,0.259997,1676566379999,6482.43079537,15,0.13374,3334.77436859
1676566380000,24940.4,24968.27,24927.2,24951.95,3.938408,1676566439999,98276.03215486,53,2.991464,74652.69265943
1676566440000,24942.29,24942.29,24931.31,24931.31,0.125557,1676566499999,3131.09530767,6,0.0,0.0
1676566500000,24947.13,24977.0,24934.6,24977.0,2.895174,1676566559999,72223.30677963,33,1.292497,32255.59839103
1676566560000,24977.85,25008.54,24971.65,24974.53,3.250654,1676566619999,81256.3373312,53,2.414449,60357.93465085
1676566620000,24991.28,24994.7,24957.12,24958.27,0.929315,1676566679999,23205.4876071,20,0.375507,9378.74991442
1676566680000,24940.5,24950.59,24913.94,24915.11,1.250714,1676566739999,31187.07129907,34,0.831382,20738.56238912
1676566740000,24925.65,24933.35,24896.01,24902.91,1.003656,1676566799999,24992.77475617,28,0.015995,398.76737648
1676566800000,24902.91,24928.04,24891.97,24919.05,1.438704,1676566859999,35842.97198921,38,1.186291,29552.79325494
1676566860000,24919.19,24931.31,24903.79,24903.79,2.169158,1676566919999,54046.19469419,57,0.152601,3804.05025299
1676566920000,24915.31,24921.64,24887.79,24887.79,2.171041,1676566979999,54064.47664823,43,0.467996,11659.62952849
1676566980000,24884.21,24893.16,24876.3,24881.97,0.219826,1676567039999,5470.19305735,22,0.10514,2616.69002874
1676567040000,24861.47,24874.12,24848.84,24858.11,2.355105,1676567099999,58555.78921289,37,1.52344,37880.1256753
1676567100000,24874.74,24874.74,24835.18,24843.6,2.546527,1676567159999,63293.28068171,44,0.713329,17734.281627
1676567160000,24853.04,24869.3,24838.34,24838.34,3.585393,1676567219999,89106.84566315,62,2.384466,59264.00367587
1676567220000,24846.38,24855.34,24833.51,24849.74,3.726958,1676567279999,92596.25520611,71,1.732881,43061.33433783
1676567280000,24860.67,24860.67,24821.42,24838.57,3.224618,1676567339999,80099.32315138,64,2.11719,52594.33658632
1676567340000,24836.68,24860.94,24834.71,24860.94,0.490666,1676567399999,12192.55244496,18,0.447022,11108.32829508
1676567400000,24860.93,24884.2,24851.15,24870.7,1.252707,1676567459999,31163.94435757,26,0.779422,19393.1120706
1676567460000,24878.71,24897.04,24861.47,24862.25,1.706875,1676567519999,42474.94972865,48,0.593971,14784.34441247
1676567520000,24862.24,24886.04,24862.24,24879.67,3.20939,1676567579999,79818.06240064,42,1.206315,30006.35163224
1676567580000,24866.48,24868.84,24857.02,24860.38,1.814307,1676567639999,45106.20020919,45,0.361419,8986.93755049
1676567640000,24866.68,24875.84,24859.21,24865.46,1.573141,1676567699999,39121.76291461,46,0.746754,18573.96333646
1676567700000,24879.77,24908.76,24878.01,24908.76,0.503624,1676567759999,12538.90075128,22,0.453624,11295.00025128
1676567760000,24911.35,24914.63,24871.33,24892.06,0.939096,1676567819999,23373.97568553,45,0.338312,8418.61538652
1676567820000,24895.2,24895.2,24878.32,24878.32,0.236403,1676567879999,5884.6837389,12,0.0,0.0
1676567880000,24873.23,24873.23,24786.04,24801.98,6.036623,1676567939999,149803.78122681,130,2.879382,71442.97852918
1676567940000,24794.3,24803.08,24769.27,24769.27,3.039657,1676567999999,75354.47301376,97,1.570616,38938.76176043
1676568000000,24766.65,24809.67,24766.65,24807.92,7.156716,1676568059999,177432.71098645,64,6.259562,155195.42104729
1676568060000,24801.62,24820.2,24792.55,24792.55,1.104784,1676568119999,27397.97241081,11,0.057654,1430.9838108
1676568120000,24821.41,24835.41,24807.5,24807.51,2.936642,1676568179999,72876.89644644,23,0.445747,11070.05684602
1676568180000,24813.44,24820.62,24812.89,24820.62,0.46779,1676568239999,11608.53186321,9,0.206895,5134.89334364
1676568240000,24824.98,24838.34,24811.07,24838.34,3.122938,1676568299999,77538.79828149,53,2.909601,72242.98144536
1676568300000,24829.71,24861.46,24826.47,24857.83,1.865476,1676568359999,46350.95170703,43,1.300419,32312.15748198
1676568360000,24857.64,24861.47,24832.17,24838.62,1.418806,1676568419999,35255.04686675,29,0.087101,2164.31622547
1676568420000,24828.59,24835.37,24821.41,24824.11,0.885399,1676568479999,21982.8759043,24,0.03977,987.4797169
1676568480000,24829.57,24844.61,24829.57,24844.61,0.268632,1676568539999,6671.91475063,8,0.250832,6229.79123063
1676568540000,24844.02,24848.84,24838.6,24841.35,0.613641,1676568599999,15244.14845571,22,0.243943,6060.7058197
1676568600000,24838.59,24846.14,24838.14,24838.32,0.273776,1676568659999,6800.94739321,8,0.022949,570.14546011
1676568660000,24834.06,24836.52,24825.26,24825.26,0.385632,1676568719999,9574.68251127,7,0.0198,491.763096
1676568720000,24830.69,24852.26,24830.69,24850.34,0.422053,1676568779999,10486.25058787,14,0.218895,5439.63766893
1676568780000,24861.47,24888.44,24861.47,24877.22,0.29971,1676568839999,7457.65221779,15,0.21882,5445.20089781
1676568840000,24874.88,24910.61,24874.88,24906.64,1.406743,1676568899999,35029.57661282,38,1.224335,30486.3426989
1676568900000,24908.63,24941.7,24907.42,24927.74,2.660316,1676568959999,66324.45384567,87,0.974017,24280.88146525
1676568960000,24925.56,24928.3,24904.91,24918.59,1.276106,1676569019999,31797.2082063,49,0.210453,5244.98538058
1676569020000,24912.84,24912.84,24892.91,24902.75,0.338215,1676569079999,8421.89668729,24,0.270731,6741.25617973
1676569080000,24908.0,24916.23,24906.41,24906.6,0.60629,1676569139999,15102.73163819,11,0.053904,1342.96085872
1676569140000,24899.17,24914.73,24899.17,24914.73,0.081519,1676569199999,2030.41134038,10,0.081519,2030.41134038
1676569200000,24904.99,24945.05,24901.67,24937.33,1.929672,1676569259999,48115.89261606,41,1.274427,31784.1305906
1676569260000,24934.37,24936.25,24918.04,24931.44,2.833773,1676569319999,70643.49566031,50,0.341925,8525.95291114
1676569320000,24925.71,24930.82,24922.52,24922.52,0.166755,1676569379999,4156.64845251,12,0.081771,2038.45291153
1676569380000,24928.29,24929.79,24928.14,24928.14,0.152423,1676569439999,3799.6535989,6,0.02,498.5658
1676569440000,24936.1,24949.13,24931.85,24949.13,5.14161,1676569499999,128270.40527298,46,5.137609,128170.65294113
1676569500000,24958.56,24958.96,24924.15,24924.15,0.625053,1676569559999,15592.85696407,29,0.349071,8710.57228705
1676569560000,24914.13,24914.13,24896.89,24908.8,0.57863,1676569619999,14407.91458386,15,0.102096,2542.85766796
1676569620000,24913.34,24917.02,24896.75,24896.75,0.939795,1676569679999,23409.74424267,24,0.399037,9941.13265299
1676569680000,24917.63,24917.63,24908.63,24914.17,0.258875,1676569739999,6448.66529813,11,0.002322,57.85476132
1676569740000,24901.84,24917.78,24901.84,24917.78,0.286293,1676569799999,7131.43396303,15,0.26975,6719.48282391
1676569800000,24904.46,24913.79,24904.46,24913.79,0.309717,1676569859999,7715.92651449,15,0.293597,7314.46661929
1676569860000,24908.08,24915.44,24908.08,24915.44,0.241952,1676569919999,6026.82054176,4,0.241952,6026.82054176
1676569920000,24931.31,24935.88,24920.54,24920.54,0.503403,1676569979999,12550.63142351,8,0.375335,9358.77963662
1676569980000,24920.65,24920.65,24892.84,24915.48,3.799048,1676570039999,94584.80712572,45,0.459275,11436.82015945
1676570040000,24931.3,24936.17,24925.11,24925.11,0.37525,1676570099999,9355.39605982,10,0.343169,8555.72566714
1676570100000,24924.58,24927.48,24922.23,24927.48,0.181679,1676570159999,4528.54222452,11,0.1496,3729.02429085
1676570160000,24929.29,24932.82,24915.38,24915.38,0.853447,1676570219999,21271.33868965,16,0.442626,11032.54362381
1676570220000,24906.35,24906.35,24887.79,24891.78,0.351935,1676570279999,8761.38441171,14,0.2165,5389.05566275
1676570280000,24884.21,24897.46,24875.38,24896.96,0.84308,1676570339999,20979.35974479,25,0.689862,17166.71399488
1676570340000,24880.02,24892.97,24880.02,24886.38,0.922967,1676570399999,22971.25451459,13,0.806639,20076.37121939
1676570400000,24888.1,24903.79,24884.29,24893.87,1.339698,1676570459999,33350.84981146,25,0.932461,23213.0984784
1676570460000,24882.67,24910.17,24882.66,24910.17,2.064516,1676570519999,51406.82849714,19,1.739722,43324.20359576
1676570520000,24913.18,24924.61,24892.19,24897.13,9.15908,1676570579999,228097.00384411,84,0.268105,6679.0791047
1676570580000,24889.39,24889.39,24861.47,24862.68,1.989103,1676570639999,49481.30392844,43,0.521974,12980.91565305
1676570640000,24859.46,24881.5,24859.46,24881.5,0.178969,1676570699999,4451.47808916,8,0.128366,3193.45183478
1676570700000,24881.29,24887.79,24873.43,24873.43,3.435633,1676570759999,85500.98168672,33,3.373585,83957.42074328
1676570760000,24878.43,24878.43,24877.02,24877.02,0.10679,1676570819999,2656.68701282,5,0.045947,1143.08922321
1676570820000,24903.23,24909.83,24893.68,24909.83,0.166016,1676570879999,4133.35770466,9,0.038673,963.22440027
1676570880000,24913.24,24924.54,24905.1,24914.97,0.722603,1676570939999,18001.38293726,25,0.556568,13864.4085247
1676570940000,24924.59,24938.76,24915.81,24938.76,1.228675,1676570999999,30632.44127644,25,1.122423,27985.08533232
1676571000000,24939.68,24939.68,24927.37,24927.73,0.337977,1676571059999,8425.29154094,15,0.04722,1177.3478207
1676571060000,24924.18,24940.7,24911.77,24926.36,5.317266,1676571119999,132534.04168977,56,2.427688,60537.82392184
1676571120000,24929.17,24935.34,24910.33,24932.5,4.662847,1676571179999,116207.90917468,58,0.79564,19834.38952505
1676571180000,24930.69,24940.25,24925.64,24925.64,0.787386,1676571239999,19631.67138716,14,0.496413,12378.34745739
1676571240000,24932.76,24945.38,24931.6,24931.6,0.539976,1676571299999,13464.99218071,16,0.205847,5134.00212687
1676571300000,24935.46,24935.46,24903.79,24905.21,0.470811,1676571359999,11726.38311988,12,0.034548,860.81898744
1676571360000,24911.16,24915.16,24900.09,24915.16,1.720386,1676571419999,42859.77199752,10,1.659393,41340.66457776
1676571420000,24919.24,24934.4,24887.13,24887.13,2.715555,1676571479999,67628.91156076,40,0.437745,10914.65339658
1676571480000,24887.13,24887.13,24871.07,24871.07,1.616714,1676571539999,40226.72032687,20,0.476612,11859.62188271
1676571540000,24878.32,24885.0,24877.55,24885.0,0.484984,1676571599999,12066.88162493,7,0.484984,12066.88162493
1676571600000,24888.48,24892.1,24868.97,24878.33,0.642868,1676571659999,15995.76498732,21,0.514715,12807.25024365
1676571660000,24879.76,24886.75,24879.76,24886.75,0.352887,1676571719999,8781.52999335,12,0.352887,8781.52999335
1676571720000,24885.11,24898.72,24882.3,24898.72,0.122511,1676571779999,3049.64769557,11,0.099847,2485.37862327
1676571780000,24898.93,24899.77,24887.1,24887.1,0.308241,1676571839999,7674.30562535,9,0.308241,7674.30562535
1676571840000,24874.98,24885.18,24871.33,24884.72,2.347794,1676571899999,58417.99489872,25,2.006316,49923.80900378
1676571900000,24895.31,24903.79,24887.67,24903.79,0.433259,1676571959999,10786.10111258,18,0.312859,7789.59430267
1676571960000,24892.72,24892.72,24892.72,24892.72,0.001337,1676572019999,33.28156664,1,0.0,0.0
1676572020000,24892.74,24902.37,24892.24,24902.37,0.354777,1676572079999,8832.94786244,13,0.25433,6332.55686616
1676572080000,24901.65,24904.09,24900.42,24900.42,0.101724,1676572139999,2533.00050642,4,0.021426,533.54658126
1676572140000,24884.52,24886.97,24878.87,24884.17,0.976437,1676572199999,24298.00858729,18,0.896211,22301.94146579
1676572200000,24879.89,24895.33,24879.86,24884.54,2.526264,1676572259999,62885.31299614,24,2.15357,53609.78722498
1676572260000,24878.3,24895.66,24876.3,24895.66,0.509306,1676572319999,12673.91430411,18,0.441705,10992.21407657
1676572320000,24883.44,24901.59,24883.44,24885.86,0.700233,1676572379999,17434.14179553,14,0.634114,15788.30881167
1676572380000,24888.21,24891.87,24888.21,24889.87,0.330195,1676572439999,8218.58700488,13,0.264383,6580.53556762
1676572440000,24884.12,24898.52,24884.12,24891.1,0.86847,1676572499999,21619.92081171,21,0.261848,6519.35917291
1676572500000,24901.12,24935.5,24901.12,24935.2,2.999411,1676572559999,74752.28121368,71,2.169668,54077.13765398
1676572560000,24940.5,24946.38,24933.91,24936.04,0.451336,1676572619999,11255.61330881,26,0.149166,3720.56836154
1676572620000,24948.03,24977.91,24948.03,24965.31,1.837819,1676572679999,45880.01729579,48,1.255868,31349.16277852
1676572680000,24974.68,24998.44,24974.15,24982.73,8.887057,1676572739999,222087.83258155,87,5.984883,149575.97747388
1676572740000,24982.75,24986.22,24973.33,24977.4,0.640541,1676572799999,16001.69509677,14,0.185536,4635.84331392
1676572800000,24985.63,25001.15,24978.05,24986.37,2.015585,1676572859999,50379.91401009,40,0.300908,7521.99234886
1676572860000,24993.33,25001.66,24993.26,25000.34,2.277338,1676572919999,56926.64990586,39,0.330032,8249.78650896
1676572920000,25003.15,25035.62,24986.45,24986.45,2.164564,1676572979999,54160.1684276,44,1.800766,45060.00012905
1676572980000,24988.6,24988.6,24974.01,24985.98,0.640752,1676573039999,16006.85096779,10,0.338877,8466.73931004
1676573040000,25010.0,25024.45,25009.73,25014.84,0.425221,1676573099999,10636.02555414,14,0.322913,8077.05449433
1676573100000,25012.31,25019.79,25007.06,25017.87,0.366479,1676573159999,9165.74107576,12,0.326444,8164.39723531
1676573160000,25018.87,25021.71,24986.45,24998.37,3.206552,1676573219999,80162.61195627,34,0.658789,16468.23030003
1676573220000,25004.92,25009.68,24993.16,24993.78,0.627026,1676573279999,15676.3239313,22,0.366713,9170.13865233
1676573280000,24996.77,25014.15,24987.62,25002.22,0.784762,1676573339999,19621.60002691,26,0.429002,10728.39242768
1676573340000,24997.94,25013.2,24996.69,25009.22,3.238596,1676573399999,80968.11670617,35,0.673686,16849.3515335
1676573400000,25006.64,25014.62,24979.1,24987.27,4.171525,1676573459999,104302.90425282,51,2.998362,74985.83969126
1676573460000,24990.48,24993.45,24966.9,24978.76,0.852952,1676573519999,21304.14114471,38,0.431377,10776.45724412
1676573520000,24982.24,24982.26,24954.42,24973.57,2.232105,1676573579999,55727.70731158,33,1.299578,32450.75700119
1676573580000,24963.94,24969.58,24945.95,24946.84,2.747223,1676573639999,68559.45215651,44,1.517459,37875.99597206
1676573640000,24948.57,24966.68,24945.31,24958.48,0.670326,1676573699999,16731.69845132,14,0.444869,11106.68086511
1676573700000,24953.0,24953.0,24930.51,24948.03,0.511617,1676573759999,12757.5123588,16,0.036787,917.71707761
1676573760000,24950.86,24969.4,24950.86,24969.4,0.445844,1676573819999,11131.73317847,6,0.445844,11131.73317847
1676573820000,24972.41,24977.02,24964.68,24964.68,0.727244,1676573879999,18160.42079997,16,0.326179,8146.93785925
1676573880000,24971.75,24971.82,24962.16,24963.92,0.411873,1676573939999,10283.47137393,15,0.217398,5428.50298974
1676573940000,24965.11,24970.58,24964.99,24970.58,0.21816,1676573999999,5446.48039372,8,0.0181,451.967498
1676574000000,24967.45,24994.47,24967.45,24987.59,1.607676,1676574059999,40155.94958197,28,0.817946,20436.24659768
1676574060000,24983.71,24996.79,24983.68,24988.2,3.380113,1676574119999,84466.25890579,64,0.572232,14302.64921524
1676574120000,24990.88,24990.89,24982.73,24982.73,0.075939,1676574179999,1897.62023347,4,0.075939,1897.62023347
1676574180000,24974.02,24980.75,24974.02,24980.75,0.363144,1676574239999,9070.57375736,10,0.343324,8575.52585156
1676574240000,24974.94,24990.12,24974.94,24989.38,1.281105,1676574299999,32011.58037987,20,1.142057,28537.689701
1676574300000,24989.38,24989.38,24989.38,24989.38,0.0,1676574359999,0.0,0,0.0,0.0
1676574360000,24988.62,24988.62,24976.2,24984.8,0.533384,1676574419999,13324.38537997,17,0.178566,4461.43444298
1676574420000,24979.07,24979.07,24972.23,24972.59,0.321112,1676574479999,8019.02961136,9,0.0,0.0
1676574480000,24974.94,24977.81,24968.86,24975.54,0.562795,1676574539999,14056.19958183,17,0.562124,14039.44547677
1676574540000,24979.61,24982.49,24958.87,24958.87,0.083089,1676574599999,2074.80303173,9,0.042608,1064.3931096
1676574600000,24950.58,24952.52,24940.5,24951.75,1.195385,1676574659999,29822.02977659,33,1.037345,25880.15669211
1676574660000,24953.8,24961.19,24952.42,24952.42,0.225686,1676574719999,5632.56342605,16,0.205526,5129.52263885
1676574720000,24940.02,24947.29,24939.83,24942.9,0.36233,1676574779999,9036.70284193,14,0.119776,2987.40601001
1676574780000,24940.0,24940.0,24931.31,24936.32,0.187783,1676574839999,4682.29454163,10,0.036091,899.97618594
1676574840000,24928.51,24933.18,24924.77,24933.18,0.778927,1676574899999,19419.029211,20,0.522334,13022.65924617
1676574900000,24921.47,24930.33,24912.5,24930.33,1.187593,1676574959999,29595.56517264,19,0.566031,14110.63532833
1676574960000,24934.52,24945.63,24923.12,24945.63,0.213834,1676575019999,5330.14337367,10,0.022179,553.24019279
1676575020000,24947.33,24947.33,24947.33,24947.33,0.00149,1676575079999,37.1715217,1,0.0,0.0
1676575080000,24947.33,24947.33,24934.75,24934.75,0.08954,1676575139999,2233.3754522,5,0.0,0.0
1676575140000,24934.75,24934.75,24934.75,24934.75,0.021408,1676575199999,533.803128,3,0.0,0.0
1676575200000,24924.51,24924.51,24911.43,24911.43,0.358563,1676575259999,8935.21374704,12,0.203583,5073.04789177
1676575260000,24908.76,24913.05,24859.93,24867.94,3.01273,1676575319999,74980.5234686,71,1.649774,41048.03194142
1676575320000,24866.0,24876.3,24840.18,24867.1,2.375874,1676575379999,59048.101688,42,1.777384,44168.5609853
1676575380000,24870.13,24887.79,24868.58,24874.57,1.066003,1676575439999,26520.10915265,11,0.859083,21373.90745923
1676575440000,24866.11,24878.76,24857.43,24857.43,0.484368,1676575499999,12045.33120984,7,0.0,0.0
1676575500000,24865.53,24900.17,24865.53,24900.17,0.379925,1676575559999,9455.57048557,18,0.355317,8843.17465933
1676575560000,24903.78,24921.18,24900.07,24912.99,0.906745,1676575619999,22589.89157786,31,0.295978,7374.92993827
1676575620000,24911.4,24911.42,24907.64,24907.64,0.295297,1676575679999,7355.76384911,12,0.048824,1216.27468184
1676575680000,24906.96,24906.96,24905.35,24905.35,0.300481,1676575739999,7484.04988765,14,0.0,0.0
1676575740000,24915.68,24915.68,24887.12,24887.12,0.298124,1676575799999,7420.39416739,8,0.031654,788.68093472
1676575800000,24880.13,24892.69,24876.3,24892.69,2.759257,1676575859999,68677.55199499,19,2.5721,64021.24798467
1676575860000,24894.04,24894.04,24861.47,24861.47,2.840317,1676575919999,70649.62820854,43,0.26634,6627.487041
1676575920000,24866.51,24879.69,24866.51,24879.69,0.463689,1676575979999,11532.81090011,12,0.443599,11033.21478911
1676575980000,24879.49,24879.49,24870.61,24878.59,0.549322,1676576039999,13664.58157009,16,0.22679,5642.0405647
1676576040000,24868.77,24868.77,24861.47,24862.89,0.251266,1676576099999,6248.00177226,6,0.0178,442.641678
1676576100000,24868.25,24877.12,24868.25,24871.13,0.078187,1676576159999,1944.65449578,6,0.036087,897.57992278
1676576160000,24873.66,24888.95,24873.66,24881.3,0.187674,1676576219999,4669.76705997,12,0.121363,3019.83765579
1676576220000,24881.81,24881.82,24876.3,24876.3,0.223255,1676576279999,5554.76873122,4,0.183086,4555.51263652
1676576280000,24868.28,24868.28,24861.47,24863.73,0.347553,1676576339999,8641.37303998,12,0.079807,1984.57551446
1676576340000,24873.09,24877.3,24873.09,24873.78,0.241775,1676576399999,6013.90111309,6,0.195881,4872.34385377
1676576400000,24867.52,24867.52,24848.84,24853.22,0.987243,1676576459999,24540.48586665,21,0.060594,1506.08458737
1676576460000,24847.85,24862.79,24847.85,24859.93,0.361371,1676576519999,8984.34163603,4,0.341271,8484.89985103
1676576520000,24856.84,24905.0,24856.84,24879.07,10.931267,1676576579999,272001.74592782,99,4.132372,102882.6870047
1676576580000,24861.47,24868.63,24861.47,24868.63,0.232799,1676576639999,5788.32792432,4,0.030436,756.89694736
1676576640000,24868.47,24879.93,24862.27,24871.82,5.673394,1676576699999,141135.01408637,43,5.446014,135480.04248404
1676576700000,24884.04,24888.7,24872.24,24872.24,0.60326,1676576759999,15009.00348776,9,0.289547,7206.23210077
1676576760000,24878.23,24878.23,24878.23,24878.23,0.007112,1676576819999,176.93397176,8,0.0,0.0
1676576820000,24878.23,24882.71,24878.23,24878.29,0.140137,1676576879999,3486.50432295,9,0.0,0.0
1676576880000,24875.84,24884.4,24867.05,24867.05,0.396594,1676576939999,9864.39963186,13,0.029939,744.957894
1676576940000,24876.8,24882.68,24876.8,24876.8,0.599046,1676576999999,14904.14655168,14,0.321025,7987.86293696
1676577000000,24874.72,24874.72,24874.72,24874.72,0.009894,1676577059999,246.11047968,1,0.009894,246.11047968
1676577060000,24873.28,24885.99,24864.9,24864.9,1.286146,1676577119999,31993.24757257,19,0.464828,11564.80457715
1676577120000,24872.32,24872.32,24839.71,24857.99,1.023049,1676577179999,25419.09386321,18,0.487542,12116.17646579
1676577180000,24859.18,24878.02,24854.48,24878.02,1.153857,1676577239999,28689.14859207,19,0.496471,12348.8801379
1676577240000,24883.09,24901.97,24883.09,24901.97,0.2867,1676577299999,7134.74118357,7,0.2597,6462.73465357
1676577300000,24896.69,24903.79,24896.34,24897.14,1.795143,1676577359999,44697.62367064,20,0.315464,7855.88499554
1676577360000,24894.94,24894.94,24894.94,24894.94,0.020148,1676577419999,501.58325112,1,0.0,0.0
1676577420000,24903.18,24903.18,24876.3,24876.3,0.065092,1676577479999,1619.71708746,6,0.027404,682.06029306
1676577480000,24876.13,24885.08,24876.13,24884.26,0.275504,1676577539999,6855.72530193,7,0.27423,6824.0331063
1676577540000,24875.58,24889.8,24875.58,24875.92,0.556049,1676577599999,13838.14391341,16,0.515759,12835.89996121
1676577600000,24867.58,24881.67,24862.29,24875.27,0.831235,1676577659999,20673.68646859,19,0.412737,10267.15721685
1676577660000,24868.81,24868.81,24848.84,24858.01,0.71786,1676577719999,17847.17513768,24,0.022042,548.05162674
1676577720000,24864.51,24866.33,24837.3,24840.32,0.935159,1676577779999,23240.3849567,31,0.166563,4141.18426658
1676577780000,24839.08,24847.04,24837.81,24847.04,0.308359,1676577839999,7660.14269202,8,0.10467,2600.72484955
1676577840000,24840.7,24840.7,24813.02,24820.0,3.292476,1676577899999,81737.68704212,42,1.21723,30218.93933187
1676577900000,24810.09,24833.71,24760.4,24825.2,29.863334,1676577959999,740500.82761828,299,19.748056,489692.78300187
1676577960000,24812.83,24812.83,24782.69,24804.53,1.032301,1676578019999,25604.19815603,21,0.055218,1369.40017322
1676578020000,24791.31,24807.63,24791.31,24797.4,1.798109,1676578079999,44584.97348126,17,0.264598,6562.08813018
1676578080000,24792.17,24831.23,24790.46,24820.48,1.894789,1676578139999,47009.20903491,22,0.883113,21918.31068736
1676578140000,24807.42,24810.25,24797.07,24807.34,0.960384,1676578199999,23819.80706127,21,0.177341,4399.25743857
1676578200000,24814.92,24835.18,24811.73,24811.73,1.270137,1676578259999,31522.90600894,24,0.776588,19274.3573144
1676578260000,24810.7,24810.7,24807.8,24810.58,0.142009,1676578319999,3523.09950148,4,0.0387,960.169446
1676578320000,24808.85,24808.85,24783.04,24783.04,0.456987,1676578379999,11329.87385667,12,0.001256,31.1599156
1676578380000,24783.91,24801.91,24783.9,24796.38,0.397739,1676578439999,9860.95447566,13,0.316584,7849.14962892
1676578440000,24800.49,24802.82,24774.26,24774.26,0.313244,1676578499999,7765.97695555,19,0.154194,3823.96660978
1676578500000,24766.64,24776.96,24766.64,24769.74,0.284253,1676578559999,7041.32425206,16,0.061719,1529.06805348
1676578560000,24773.26,24773.26,24712.67,24732.63,8.076201,1676578619999,199760.08961072,146,4.254394,105234.81428638
1676578620000,24711.99,24711.99,24680.49,24697.11,3.67929,1676578679999,90862.77448523,45,1.275714,31509.30431011
1676578680000,24699.45,24711.49,24693.75,24700.39,1.978459,1676578739999,48874.99164519,20,1.479653,36555.11775561
1676578740000,24699.81,24709.69,24678.68,24709.68,3.698084,1676578799999,91340.48488354,40,3.614183,89269.86470431
1676578800000,24700.65,24711.99,24682.69,24709.71,1.266842,1676578859999,31290.78850744,21,0.311911,7703.13722821
1676578860000,24708.58,24708.58,24681.79,24689.06,1.345199,1676578919999,33221.80751969,18,0.210185,5191.15807575
1676578920000,24681.8,24691.21,24650.0,24664.35,1.867845,1676578979999,46072.49318409,55,0.220183,5431.76029179
1676578980000,24660.65,24689.86,24660.64,24665.62,2.850555,1676579039999,70351.68960592,38,0.693037,17106.40773836
1676579040000,24657.46,24663.83,24634.95,24649.7,1.952619,1676579099999,48127.74480688,49,0.759489,18721.29422567
1676579100000,24653.59,24679.15,24629.92,24652.83,1.452195,1676579159999,35797.46580797,52,1.075132,26503.19170613
1676579160000,24655.68,24663.26,24622.21,24631.21,1.611674,1676579219999,39717.36925176,38,0.269009,6632.03173171
1676579220000,24621.08,24631.3,24544.65,24548.75,12.657662,1676579279999,311287.68649126,237,3.644154,89663.34144369
1676579280000,24547.27,24550.4,24451.93,24481.28,16.830363,1676579339999,412421.25837328,280,9.048634,221831.10139775
1676579340000,24481.27,24521.66,24466.28,24483.1,3.125505,1676579399999,76532.30510809,59,2.308886,56544.5905205
1676579400000,24461.38,24517.95,24461.38,24505.27,4.385695,1676579459999,107404.51720851,53,2.472769,60564.20098114
1676579460000,24492.61,24526.06,24492.41,24521.79,1.472539,1676579519999,36083.09476281,38,0.343097,8406.02906149
1676579520000,24521.78,24531.39,24502.28,24531.39,2.246802,1676579579999,55078.81718093,148,0.232772,5706.90258416
1676579580000,24532.61,24580.15,24532.61,24580.12,2.421782,1676579639999,59486.87654304,65,1.630123,40038.75815836
1676579640000,24570.86,24595.1,24560.34,24588.09,3.771374,1676579699999,92681.10698105,85,2.040763,50159.47894987
1676579700000,24588.09,24618.36,24558.01,24609.9,4.133491,1676579759999,101662.7056458,80,3.363409,82735.51819744
1676579760000,24609.92,24636.65,24588.38,24588.38,6.756663,1676579819999,166373.28444508,102,3.882242,95625.31359852
1676579820000,24586.88,24595.25,24566.94,24574.7,1.065317,1676579879999,26187.19964528,25,0.571641,14052.27882821
1676579880000,24567.61,24597.11,24562.58,24597.11,0.60835,1676579939999,14948.26656047,26,0.363281,8927.69570764
1676579940000,24603.05,24611.46,24552.88,24571.33,0.640872,1676579999999,15746.90344497,18,0.398274,9788.14173477
1676580000000,24571.33,24582.89,24554.7,24554.7,2.235599,1676580059999,54927.47983909,30,1.362436,33477.55364
1676580060000,24554.27,24554.27,24516.51,24536.14,1.57117,1676580119999,38536.04265348,54,1.112467,27283.47241742
1676580120000,24537.94,24550.34,24516.36,24516.36,1.535192,1676580179999,37672.17381551,39,0.737486,18098.50360964
1676580180000,24514.16,24541.59,24501.67,24537.77,6.378248,1676580239999,156420.4744229,87,4.774096,117101.32109533
1676580240000,24538.0,24554.75,24538.0,24554.75,0.760443,1676580299999,18668.15612754,21,0.736743,18086.29553154
1676580300000,24559.64,24569.18,24548.8,24552.44,1.491629,1676580359999,36625.61141109,14,0.48072,11807.25548619
1676580360000,24555.46,24555.46,24516.39,24530.61,4.325505,1676580419999,106110.71167525,62,0.901672,22117.36045394
1676580420000,24529.49,24535.02,24484.27,24489.89,2.85171,1676580479999,69862.32787297,33,0.389016,9543.630805
1676580480000,24492.88,24521.66,24480.23,24521.66,1.138092,1676580539999,27876.03623699,18,0.831593,20372.82507406
1676580540000,24521.58,24536.31,24518.79,24536.31,0.389931,1676580599999,9562.41619925,25,0.136384,3345.24538452
1676580600000,24527.62,24553.24,24505.32,24553.24,7.945977,1676580659999,194879.92228293,101,3.072543,75371.60833769
1676580660000,24553.72,24592.14,24553.72,24592.14,3.072723,1676580719999,75503.03892268,52,2.11977,52085.67240644
1676580720000,24592.7,24616.69,24576.8,24603.28,2.08408,1676580779999,51272.42208757,36,1.331152,32758.00903727
1676580780000,24592.46,24597.42,24583.38,24596.24,0.077082,1676580839999,1895.80823831,7,0.060821,1495.95381053
1676580840000,24593.93,24601.78,24562.93,24573.11,0.807021,1676580899999,19829.80994485,24,0.215119,5286.37931904
1676580900000,24575.72,24584.33,24550.58,24557.49,2.379071,1676580959999,58451.90815251,56,1.251784,30764.96043108
1676580960000,24551.85,24551.85,24537.85,24543.86,0.882069,1676581019999,21651.89914424,33,0.223078,5476.44426158
1676581020000,24546.85,24590.42,24546.85,24558.93,1.720069,1676581079999,42247.30035592,44,1.110871,27283.96116859
1676581080000,24562.44,24562.55,24514.16,24514.16,1.36093,1676581139999,33378.2933558,44,0.100182,2459.48963492
1676581140000,24511.43,24568.5,24507.7,24568.5,2.92452,1676581199999,71779.39897934,56,2.54743,62524.9909878
1676581200000,24550.43,24561.4,24535.51,24535.51,0.653415,1676581259999,16042.77456084,11,0.28188,6921.7987217
1676581260000,24530.79,24530.79,24524.07,24524.07,1.021454,1676581319999,25056.01057982,27,0.481881,11820.35787602
1676581320000,24533.11,24542.95,24521.66,24521.66,1.266386,1676581379999,31066.60131024,18,0.883493,21676.79140285
1676581380000,24523.11,24523.11,24488.26,24505.15,2.893243,1676581439999,70882.68624316,54,0.234435,5744.44378957
1676581440000,24512.08,24512.08,24492.05,24492.05,2.373,1676581499999,58149.36668377,32,2.289015,56092.12245971
1676581500000,24498.31,24517.1,24498.31,24502.52,2.540185,1676581559999,62259.12812395,27,2.359074,57821.0765752
1676581560000,24494.27,24494.28,24451.06,24451.06,3.053434,1676581619999,74735.55958717,66,0.199678,4885.19428816
1676581620000,24451.06,24473.56,24442.49,24465.8,1.337788,1676581679999,32719.72278525,43,1.275503,31196.84320506
1676581680000,24463.75,24501.0,24436.93,24501.0,1.05279,1676581739999,25771.95312308,32,0.667825,16354.12787483
1676581740000,24503.02,24543.6,24503.01,24543.6,1.386956,1676581799999,34009.3152543,33,0.716364,17572.42990711
1676581800000,24546.81,24560.19,24544.3,24547.7,1.798211,1676581859999,44142.2953037,17,0.398299,9778.0148383
1676581860000,24557.12,24557.12,24537.93,24546.86,0.415442,1676581919999,10194.86053933,18,0.021776,534.47763838
1676581920000,24536.78,24563.96,24532.21,24563.96,0.214474,1676581979999,5262.67077828,13,0.020939,514.04537044
1676581980000,24558.91,24575.88,24558.91,24575.88,0.195019,1676582039999,4789.48825328,4,0.195019,4789.48825328
1676582040000,24566.32,24566.32,24543.4,24543.4,0.267476,1676582099999,6566.92982113,6,0.020189,495.96943448
1676582100000,24540.18,24549.61,24540.18,24548.0,0.035558,1676582159999,872.77010605,3,0.021458,526.75356805
1676582160000,24541.42,24541.42,24533.04,24537.12,0.157451,1676582219999,3863.99599852,3,0.0,0.0
1676582220000,24534.29,24534.29,24512.75,24520.24,0.579791,1676582279999,14213.89531186,17,0.174051,4267.23908444
1676582280000,24517.59,24521.35,24516.21,24519.52,0.352145,1676582339999,8633.5271458,12,0.33821,8291.89375945
1676582340000,24505.76,24505.76,24475.33,24484.45,0.928532,1676582399999,22735.10461239,22,0.367442,8997.12773893
1676582400000,24487.42,24499.41,24487.42,24495.46,0.126596,1676582459999,3100.68529583,11,0.099524,2437.5440716
1676582460000,24488.62,24488.62,24477.43,24477.44,0.597268,1676582519999,14619.85805375,8,0.0,0.0
1676582520000,24494.25,24498.95,24460.67,24474.24,1.432098,1676582579999,35058.6936387,41,0.373652,9144.42229896
1676582580000,24460.67,24470.97,24456.88,24469.05,0.550995,1676582639999,13481.81319962,6,0.469209,11481.58261107
1676582640000,24458.17,24458.17,24452.34,24452.34,0.163524,1676582699999,3999.02107781,2,0.0,0.0
1676582700000,24451.21,24464.95,24451.21,24459.65,0.253716,1676582759999,6205.65531422,13,0.211843,5181.64655777
1676582760000,24462.73,24499.93,24462.72,24499.93,0.619755,1676582819999,15168.4788839,23,0.538084,13169.20383888
1676582820000,24501.07,24501.07,24479.87,24485.27,0.651664,1676582879999,15959.48724318,12,0.15263,3739.14706475
1676582880000,24493.51,24497.12,24469.54,24490.28,1.044252,1676582939999,25572.68192386,27,0.894657,21910.70007283
1676582940000,24488.78,24490.43,24478.14,24490.43,0.333493,1676582999999,8165.1450098,7,0.039984,979.10217831
1676583000000,24483.54,24483.54,24451.85,24451.85,2.861574,1676583059999,70004.21948089,24,0.134759,3297.34350511
1676583060000,24445.21,24451.63,24367.68,24407.66,9.603384,1676583119999,234391.44358267,201,3.426521,83619.16277089
1676583120000,24409.42,24445.38,24397.79,24442.11,2.178266,1676583179999,53187.57390615,46,1.904385,46500.3087595
1676583180000,24430.1,24486.31,24430.1,24486.31,3.371358,1676583239999,82466.11485343,38,2.941877,71961.83546213
1676583240000,24494.59,24537.01,24494.59,24520.15,3.294474,1676583299999,80766.86114957,52,2.398073,58790.09320179
1676583300000,24517.47,24520.67,24515.01,24515.01,0.221148,1676583359999,5422.14057996,3,0.04462,1093.8597462
1676583360000,24509.26,24515.0,24505.19,24513.28,1.019554,1676583419999,24993.64859582,10,0.061772,1514.12496982
1676583420000,24524.75,24548.76,24524.75,24538.35,1.016635,1676583479999,24950.57953996,21,0.69574,17075.45858535
1676583480000,24534.37,24544.01,24530.3,24530.3,0.275789,1676583539999,6765.68929644,8,0.001605,39.39313605
1676583540000,24526.75,24526.96,24513.32,24515.97,0.287824,1676583599999,7059.19517,5,0.268912,6595.55309518
1676583600000,24518.66,24518.66,24488.97,24493.88,3.821913,1676583659999,93656.27189779,42,0.36059,8835.31192357
1676583660000,24487.11,24487.11,24481.01,24481.01,0.028727,1676583719999,703.35134987,3,0.0,0.0
1676583720000,24493.58,24494.17,24483.17,24491.13,0.428584,1676583779999,10497.03190464,10,0.414584,10154.26752464
1676583780000,24486.27,24486.27,24486.27,24486.27,0.014,1676583839999,342.80778,1,0.0,0.0
1676583840000,24489.19,24489.19,24458.27,24465.66,1.133313,1676583899999,27726.58968253,28,0.382019,9346.43954984
1676583900000,24459.62,24484.05,24453.39,24478.29,2.181531,1676583959999,53380.79523515,15,2.1335,52205.77410791
1676583960000,24471.43,24483.07,24469.44,24483.07,0.510308,1676584019999,12490.25833086,11,0.430333,10533.23584762
1676584020000,24494.59,24506.24,24494.59,24506.24,0.162674,1676584079999,3986.31848886,7,0.162674,3986.31848886
1676584080000,24508.54,24515.59,24506.05,24506.05,0.631558,1676584139999,15478.4159246,16,0.35874,8792.52758446
1676584140000,24512.11,24524.2,24506.32,24517.57,2.18153,1676584199999,53496.68217807,25,1.999905,49043.39776581
1676584200000,24513.8,24523.88,24513.8,24523.88,0.10917,1676584259999,2676.68057998,9,0.09306,2281.76326198
1676584260000,24515.48,24515.48,24503.51,24512.23,0.137638,1676584319999,3373.69190314,6,0.101503,2488.06733008
1676584320000,24507.38,24507.38,24503.81,24503.81,0.004589,1676584379999,112.44973339,2,0.004589,112.44973339
1676584380000,24494.59,24507.06,24494.59,24507.06,0.460572,1676584439999,11282.85503631,13,0.422865,10359.18942192
1676584440000,24513.95,24518.82,24508.1,24512.27,1.402316,1676584499999,34369.62755896,18,0.086066,2109.83743525
1676584500000,24508.55,24509.36,24506.39,24509.36,0.179232,1676584559999,4392.60995215,11,0.106487,2609.73664341
1676584560000,24509.36,24518.12,24504.16,24504.16,0.466502,1676584619999,11432.906516,14,0.006402,156.9168176
1676584620000,24486.48,24507.25,24471.94,24506.48,1.480391,1676584679999,36251.47004809,30,1.095657,26834.59181132
1676584680000,24515.68,24521.66,24512.78,24518.68,0.374007,1676584739999,9169.50093822,23,0.203442,4987.7476396
1676584740000,24534.54,24534.79,24534.54,24534.79,0.315441,1676584799999,7739.2071656,9,0.315441,7739.2071656
1676584800000,24537.85,24541.6,24527.53,24527.53,0.302366,1676584859999,7416.99341103,17,0.034539,847.51620555
1676584860000,24530.22,24530.22,24530.22,24530.22,0.2011,1676584919999,4933.027242,3,0.2011,4933.027242
1676584920000,24542.65,24546.88,24542.65,24546.88,0.004679,1676584979999,114.83855333,2,0.004679,114.83855333
1676584980000,24546.11,24546.92,24544.8,24546.92,0.134988,1676585039999,3313.41317864,7,0.134988,3313.41317864
1676585040000,24548.34,24548.76,24539.28,24545.57,0.10932,1676585099999,2683.4274579,10,0.07574,1859.2437427
1676585100000,24539.31,24552.04,24539.31,24549.48,2.610572,1676585159999,64084.49216992,29,2.594582,63692.10860302
1676585160000,24550.82,24550.82,24534.65,24536.28,2.363802,1676585219999,58012.35191281,25,0.245086,6015.86480962
1676585220000,24533.75,24533.78,24526.97,24526.97,0.07251,1676585279999,1778.7757429,5,0.0398,976.44384952
1676585280000,24521.66,24523.53,24511.87,24520.0,1.292656,1676585339999,31695.20168824,19,1.000222,24525.68959062
1676585340000,24532.53,24532.53,24527.83,24527.83,0.017048,1676585399999,418.15598244,2,0.001178,28.89932034
1676585400000,24510.53,24515.3,24502.17,24511.6,1.49275,1676585459999,36585.07670885,29,0.682341,16724.85458634
1676585460000,24494.59,24494.59,24489.19,24490.58,0.255925,1676585519999,6267.86452425,7,0.0,0.0
1676585520000,24496.22,24496.22,24492.55,24492.55,0.048678,1676585579999,1192.4120387,3,0.048678,1192.4120387
1676585580000,24480.43,24480.43,24466.4,24469.29,0.143183,1676585639999,3503.60400639,11,0.02261,553.2506469
1676585640000,24460.67,24460.67,24456.83,24456.83,0.002471,1676585699999,60.43917445,3,0.000818,20.00568694
1676585700000,24455.4,24463.7,24420.23,24420.23,1.028743,1676585759999,25141.72035715,24,0.097434,2382.09299538
1676585760000,24416.44,24421.77,24386.61,24386.61,1.007198,1676585819999,24584.02116519,33,0.668066,16309.69956427
1676585820000,24379.11,24399.96,24364.19,24381.35,3.741816,1676585879999,91230.85263355,45,0.583022,14216.74608501
1676585880000,24366.01,24386.61,24342.48,24386.61,0.994866,1676585939999,24229.47343346,39,0.53263,12973.41347186
1676585940000,24399.86,24399.86,24385.24,24391.97,1.058073,1676585999999,25808.96748988,24,0.020136,491.31558096
1676586000000,24371.05,24374.29,24340.62,24340.62,0.678333,1676586059999,16529.79497689,14,0.578625,14102.49597652
1676586060000,24366.73,24366.73,24336.3,24337.99,1.288947,1676586119999,31381.55909075,19,0.294595,7170.26721572
1676586120000,24356.93,24359.53,24327.96,24334.59,0.264455,1676586179999,6439.70426025,18,0.18951,4615.91660948
1676586180000,24359.69,24386.61,24346.03,24382.52,0.451304,1676586239999,10998.39636925,19,0.139157,3391.00024682
1676586240000,24363.37,24371.36,24359.69,24359.69,0.182573,1676586299999,4448.08202253,8,0.007178,174.93762208
1676586300000,24363.94,24363.94,24342.8,24342.8,0.057524,1676586359999,1400.61567199,6,0.00127,30.9422038
1676586360000,24348.88,24388.05,24348.88,24386.61,5.024119,1676586419999,122392.86985214,66,4.76851,116168.80012888
1676586420000,24396.68,24396.68,24396.68,24396.68,0.001314,1676586479999,32.05723752,1,0.001314,32.05723752
1676586480000,24360.21,24360.21,24359.69,24359.69,0.054803,1676586539999,1335.00036161,4,0.0,0.0
1676586540000,24354.04,24356.11,24349.87,24356.11,0.278328,1676586599999,6778.26118899,4,0.003899,94.95640196
1676586600000,24361.87,24361.87,24327.53,24327.53,0.048395,1676586659999,1177.47698807,8,0.001037,25.26325919
1676586660000,24327.52,24327.52,24127.23,24226.94,29.641133,1676586719999,716889.83150696,351,5.482728,132607.14996867
1676586720000,24220.22,24224.15,24128.01,24160.95,2.515242,1676586779999,60766.73808001,56,1.15068,27808.00362929
1676586780000,24152.7,24158.7,24076.83,24107.31,4.02681,1676586839999,97057.71010075,96,0.254289,6132.1810107
1676586840000,24101.04,24108.77,24030.73,24079.16,8.149659,1676586899999,196115.15438678,104,1.70846,41125.50473495
1676586900000,24084.71,24180.77,24084.71,24168.41,2.059776,1676586959999,49714.92559599,49,1.09282,26366.64826426
1676586960000,24184.82,24184.82,24079.3,24106.21,5.896636,1676587019999,142150.39564481,90,3.750332,90398.62980708
1676587020000,24119.31,24119.31,24059.77,24075.86,3.109518,1676587079999,74919.45912608,54,1.076917,25938.85484178
1676587080000,24071.63,24123.18,24056.69,24075.42,2.116932,1676587139999,50994.66384735,37,0.749943,18081.48211589
1676587140000,24065.51,24065.51,24015.84,24023.21,3.118371,1676587199999,74969.13600989,60,1.311496,31526.98585403
1676587200000,24014.66,24065.51,24000.0,24065.44,3.709333,1676587259999,89101.69111125,69,2.232712,53628.88284952
1676587260000,24065.51,24114.84,24065.51,24082.11,0.255492,1676587319999,6154.8656148,21,0.135303,3259.58777071
1676587320000,24087.99,24137.22,24078.94,24134.97,1.009546,1676587379999,24333.61834065,29,0.905527,21828.95108079
1676587380000,24130.28,24130.28,24113.91,24126.65,2.126082,1676587439999,51281.01774146,24,2.126082,51281.01774146
1676587440000,24142.27,24152.79,24118.73,24118.73,1.018244,1676587499999,24582.37899636,33,0.976495,23575.39743418
1676587500000,24122.04,24152.99,24119.56,24152.99,0.994916,1676587559999,24008.68150736,33,0.994916,24008.68150736
1676587560000,24152.99,24156.64,24118.73,24126.46,0.201159,1676587619999,4852.60381014,27,0.029865,720.82560299
1676587620000,24122.21,24122.21,24122.21,24122.21,0.123355,1676587679999,2975.59521455,2,0.123355,2975.59521455
1676587680000,24122.21,24122.21,24122.21,24122.21,0.0,1676587739999,0.0,0,0.0,0.0
1676587740000,24105.92,24105.92,24072.39,24072.39,0.043277,1676587799999,1042.6190295,7,0.0,0.0
1676587800000,24092.28,24105.64,24092.28,24105.52,0.330711,1676587859999,7969.07632969,19,0.218519,5264.62291953
1676587860000,24103.07,24108.13,24067.52,24078.72,0.475744,1676587919999,11466.38195112,11,0.454585,10956.95840709
1676587920000,24098.97,24098.97,24098.97,24098.97,0.006049,1676587979999,145.77466953,2,0.00408,98.3237976
1676587980000,24112.08,24131.69,24110.25,24118.04,0.324034,1676588039999,7817.17257513,19,0.090942,2193.65512898
1676588040000,24114.92,24114.92,24074.8,24077.92,2.524802,1676588099999,60835.30995424,51,0.702947,16926.88679448
1676588100000,24088.5,24088.5,24088.5,24088.5,0.011173,1676588159999,269.1408105,1,0.0,0.0
1676588160000,24088.5,24088.5,24043.95,24061.21,1.555456,1676588219999,37439.6574618,49,0.904231,21762.88802128
1676588220000,24053.2,24053.2,24005.77,24005.77,3.751401,1676588279999,90141.43492208,102,1.947518,46788.88794586
1676588280000,24005.32,24058.17,24000.02,24029.3,1.984635,1676588339999,47678.42370785,35,0.507363,12199.97162732
1676588340000,24012.42,24012.42,23990.0,24006.53,2.77878,1676588399999,66679.96168399,46,1.017143,24410.45976971
1676588400000,23989.71,24051.52,23985.9,24051.52,0.791681,1676588459999,19010.21171235,22,0.619668,14878.07635307
1676588460000,24053.56,24065.51,24038.14,24048.59,1.528668,1676588519999,36764.92259217,30,0.567491,13646.86037546
1676588520000,24064.58,24073.42,24052.62,24059.16,1.265802,1676588579999,30457.14420952,22,0.638983,15374.98295282
1676588580000,24062.57,24074.17,24025.5,24036.26,4.232883,1676588639999,101786.2866147,41,1.57397,37869.10906803
1676588640000,24033.09,24033.99,23995.37,23995.95,3.532651,1676588699999,84846.00791829,60,1.534707,36865.91224638
1676588700000,23997.46,24005.57,23899.36,23997.69,19.001161,1676588759999,454975.8233258,252,9.423389,225692.67023496
1676588760000,24000.34,24073.41,24000.34,24073.41,2.659045,1676588819999,63893.2101502,62,1.44922,34820.53555835
1676588820000,24073.42,24089.41,24051.71,24053.99,1.568012,1676588879999,37748.28578229,41,0.588162,14159.97979727
1676588880000,24056.33,24059.39,24038.95,24059.39,1.320082,1676588939999,31748.99348169,18,0.532645,12810.51937847
1676588940000,24063.7,24087.21,24058.09,24079.38,1.277886,1676588999999,30760.43622158,25,1.07744,25937.18821138
1676589000000,24078.55,24078.55,24054.21,24063.5,1.328365,1676589059999,31969.20666487,21,0.610728,14700.95238058
1676589060000,24048.84,24061.81,24048.84,24061.81,2.68882,1676589119999,64678.20877089,33,2.340103,56291.96943261
1676589120000,24064.92,24064.92,24038.95,24060.91,1.140019,1676589179999,27415.75142846,30,0.346344,8329.99806055
1676589180000,24065.28,24075.36,24065.28,24069.66,0.626007,1676589239999,15069.63335916,14,0.610079,14686.25181468
1676589240000,24075.68,24080.0,24068.01,24068.01,0.388599,1676589299999,9356.15291413,10,0.215142,5179.6918384
1676589300000,24066.78,24072.05,24028.88,24036.68,2.678927,1676589359999,64441.84418443,69,1.622297,39028.37870875
1676589360000,24036.59,24042.55,24009.5,24009.5,3.121072,1676589419999,74987.3521146,45,1.67661,40297.1448117
1676589420000,24018.53,24024.8,23972.93,23986.85,8.460291,1676589479999,203009.97605857,79,2.284892,54826.65362944
1676589480000,23992.04,23996.49,23961.86,23980.49,3.399322,1676589539999,81525.25625939,52,2.887324,69247.44635002
1676589540000,23980.39,23980.42,23942.43,23942.43,6.480367,1676589599999,155265.64277899,90,4.856392,116363.50955342
1676589600000,23943.14,23951.47,23916.25,23930.58,3.697119,1676589659999,88479.58897922,50,1.14219,27335.52649171
1676589660000,23917.69,23935.01,23916.49,23934.98,0.944985,1676589719999,22611.91780053,10,0.288547,6905.23042725
1676589720000,23948.86,23959.42,23892.41,23892.41,1.956668,1676589779999,46791.09652666,28,0.019648,470.74134688
1676589780000,23892.41,23933.5,23831.46,23915.16,9.228232,1676589839999,220306.00607194,172,5.287228,126252.01957083
1676589840000,23932.17,23935.42,23913.02,23914.91,1.934031,1676589899999,46269.47887524,31,1.037776,24833.75302063
1676589900000,23906.55,23906.55,23861.89,23885.09,0.841139,1676589959999,20087.02862536,27,0.274582,6557.30422675
1676589960000,23878.04,23911.38,23878.04,23911.38,1.202954,1676590019999,28754.74976235,24,0.874581,20907.34458795
1676590020000,23904.53,23907.39,23825.9,23825.9,3.424953,1676590079999,81749.91271917,60,0.572931,13665.25728106
1676590080000,23834.15,23886.38,23834.15,23886.38,3.581889,1676590139999,85489.44217538,60,3.079723,73502.12889633
1676590140000,23880.06,23882.12,23852.6,23853.01,2.161609,1676590199999,51599.25672664,26,0.664786,15875.46809226
1676590200000,23866.88,23925.56,23857.55,23915.05,6.553208,1676590259999,156606.22910051,78,2.83775,67799.68005728
1676590260000,23915.05,23919.44,23886.16,23886.16,5.490969,1676590319999,131236.12416216,68,0.696016,16645.19699143
1676590320000,23880.16,23886.57,23859.65,23859.65,2.871606,1676590379999,68561.07525549,24,1.196237,28566.95616059
1676590380000,23872.6,23876.68,23856.83,23856.83,5.123568,1676590439999,122284.06311561,49,2.506848,59844.27779254
1676590440000,23858.71,23865.68,23810.84,23828.55,6.836229,1676590499999,162900.25607139,144,2.569394,61229.59916984
1676590500000,23826.71,23852.91,23792.44,23810.2,7.653158,1676590559999,182275.72200485,106,3.302586,78693.32753362
1676590560000,23818.39,23830.64,23787.31,23827.47,5.164069,1676590619999,122979.10537464,76,2.828024,67357.98717312
1676590620000,23839.2,23886.46,23835.16,23877.1,4.203624,1676590679999,100337.4406656,73,1.705406,40716.05482175
1676590680000,23883.48,23883.48,23833.84,23847.21,6.363206,1676590739999,151765.4235053,84,0.709552,16922.01353593
1676590740000,23848.43,23848.43,23773.68,23804.04,12.218979,1676590799999,290909.25355646,157,3.211133,76434.59425224
1676590800000,23805.77,23807.38,23758.51,23778.2,5.322134,1676590859999,126578.189847,54,3.09655,73663.19752357
1676590860000,23781.81,23801.16,23745.91,23765.75,6.038823,1676590919999,143555.29617868,86,0.976253,23208.67149511
1676590920000,23751.4,23771.81,23699.82,23767.25,20.505136,1676590979999,486629.18524368,258,7.239927,171897.28707259
1676590980000,23774.89,23801.15,23762.52,23779.96,2.607598,1676591039999,62018.08441376,37,0.915788,21783.28069208
1676591040000,23789.17,23791.57,23771.17,23786.56,1.451293,1676591099999,34513.95190516,30,0.724663,17234.34549052
1676591100000,23776.42,23786.56,23759.92,23759.92,2.63459,1676591159999,62618.36996591,31,0.142315,3384.99640642
1676591160000,23756.8,23757.23,23711.74,23748.35,5.016886,1676591219999,119104.70169683,73,3.565082,84634.81659232
1676591220000,23759.76,23759.76,23632.41,23669.6,14.453843,1676591279999,342349.17102644,224,6.18106,146301.86868504
1676591280000,23676.59,23712.86,23663.6,23668.6,7.405649,1676591339999,175368.87357047,89,1.486082,35206.32915378
1676591340000,23658.95,23675.71,23625.06,23675.71,8.021058,1676591399999,189687.18376079,93,3.582872,84736.87307786
1676591400000,23674.65,23686.44,23610.11,23631.23,12.852008,1676591459999,303862.3027995,177,1.475031,34862.8277865
1676591460000,23631.16,23643.95,23570.89,23600.52,15.21202,1676591519999,358985.68612107,191,6.702123,158187.37710295
1676591520000,23593.36,23601.41,23554.8,23578.66,6.967476,1676591579999,164257.98831524,86,3.579578,84409.50163884
1676591580000,23575.18,23578.47,23509.3,23524.11,8.670629,1676591639999,204126.26336826,115,3.620489,85262.0909175
1676591640000,23512.52,23574.24,23508.79,23542.97,9.712919,1676591699999,228686.03493002,91,5.572358,131159.44312073
1676591700000,23539.72,23588.49,23539.72,23581.68,7.778619,1676591759999,183289.92308873,85,1.743894,41095.4747882
1676591760000,23591.64,23595.6,23545.89,23545.89,3.692439,1676591819999,87048.06013076,74,0.12873,3037.07327004
1676591820000,23552.12,23581.58,23532.98,23580.76,5.556422,1676591879999,130909.17021768,113,3.285526,77419.92965889
1676591880000,23578.6,23618.27,23567.08,23582.06,9.847727,1676591939999,232254.75214107,98,0.742686,17534.29915825
1676591940000,23570.74,23573.6,23513.74,23518.71,4.065948,1676591999999,95677.36120715,87,1.25713,29578.40731453
