open_time,open,high,low,close,volume,close_time,quote_volume,count,taker_buy_base_volume,taker_buy_quote_volume
1724889600000,59082.82,59082.82,59004.7,59004.7,0.00249,1724889659999,147.0337402,6,0.00141,83.3067762
1724889660000,59081.4,59081.4,59077.97,59077.97,0.0109,1724889719999,643.9499416,4,0.0109,643.9499416
1724889720000,59077.97,59093.25,59077.97,59093.25,0.00455,1724889779999,268.8589557,3,0.00455,268.8589557
1724889780000,59053.81,59104.56,59053.81,59104.56,0.00421,1724889839999,248.7901051,3,0.00342,202.1375952
1724889840000,59055.63,59107.84,59055.63,59107.84,0.0089,1724889899999,525.8368251,4,0.00463,273.669285
1724889900000,59078.36,59078.36,59078.36,59078.36,0.00258,1724889959999,152.4221688,1,0.0,0.0
1724889960000,59148.9,59148.9,59148.85,59148.85,0.00715,1724890019999,422.9144428,9,0.00715,422.9144428
1724890020000,59059.87,59059.87,59059.87,59059.87,0.00177,1724890079999,104.5359699,1,0.0,0.0
1724890080000,59103.78,59144.25,59103.78,59144.25,0.00677,1724890139999,400.3490937,8,0.00677,400.3490937
1724890140000,59144.25,59144.25,59144.25,59144.25,0.0,1724890199999,0.0,0,0.0,0.0
1724890200000,59104.16,59104.16,59104.16,59104.16,2e-05,1724890259999,1.1820832,1,0.0,0.0
1724890260000,59148.91,59150.0,59148.91,59150.0,0.00206,1724890319999,121.8486403,2,0.00206,121.8486403
1724890320000,59150.0,59150.0,59150.0,59150.0,0.0,1724890379999,0.0,0,0.0,0.0
1724890380000,59150.0,59150.0,59150.0,59150.0,0.0,1724890439999,0.0,0,0.0,0.0
1724890440000,59150.0,59150.0,59150.0,59150.0,0.00324,1724890499999,191.646,2,0.00324,191.646
1724890500000,59150.0,59162.29,59150.0,59162.29,0.09504,1724890559999,5621.6161229,4,0.09504,5621.6161229
1724890560000,59203.62,59203.62,59203.62,59203.62,0.00051,1724890619999,30.1938462,1,0.00051,30.1938462
1724890620000,59203.62,59203.62,59203.62,59203.62,0.0,1724890679999,0.0,0,0.0,0.0
1724890680000,59161.13,59161.13,59092.91,59120.4,0.00171,1724890739999,101.0663673,4,0.0,0.0
1724890740000,59120.4,59120.4,59120.4,59120.4,0.0,1724890799999,0.0,0,0.0,0.0
1724890800000,59149.56,59150.31,59149.56,59150.31,0.00161,1724890859999,95.2319841,2,0.00161,95.2319841
1724890860000,59163.04,59211.63,59127.85,59127.85,0.01632,1724890919999,966.1808856,5,0.01443,854.4225609
1724890920000,59127.85,59127.85,59127.85,59127.85,0.0,1724890979999,0.0,0,0.0,0.0
1724890980000,59127.85,59127.85,59127.85,59127.85,0.0,1724891039999,0.0,0,0.0,0.0
1724891040000,59127.85,59127.85,59127.85,59127.85,0.0,1724891099999,0.0,0,0.0,0.0
1724891100000,59119.31,59119.31,59119.31,59119.31,2e-05,1724891159999,1.1823862,1,0.0,0.0
1724891160000,59079.98,59079.98,59079.98,59079.98,2e-05,1724891219999,1.1815996,1,2e-05,1.1815996
1724891220000,59079.98,59079.98,59079.98,59079.98,0.0,1724891279999,0.0,0,0.0,0.0
1724891280000,59086.21,59118.67,59086.21,59118.67,0.00039,1724891339999,23.0522295,3,0.00028,16.5527464
1724891340000,59098.89,59098.89,59063.95,59063.95,0.00086,1724891399999,50.7956958,2,0.0,0.0
1724891400000,59063.95,59114.78,59051.15,59051.15,0.00195,1724891459999,115.2316511,14,0.00116,68.5731306
1724891460000,59016.83,59016.83,59016.83,59016.83,0.00012,1724891519999,7.0820196,1,0.0,0.0
1724891520000,58975.95,58975.95,58956.21,58956.21,0.00095,1724891579999,56.0198421,3,0.0,0.0
1724891580000,58956.21,58956.21,58956.21,58956.21,0.0,1724891639999,0.0,0,0.0,0.0
1724891640000,58992.69,58992.69,58925.41,58925.41,0.00105,1724891699999,61.8797541,2,0.00012,7.0791228
1724891700000,58990.93,58991.64,58920.35,58920.35,0.01445,1724891759999,852.3365068,3,0.01315,775.7400518
1724891760000,58981.99,58992.47,58981.99,58992.42,0.01217,1724891819999,717.9353535,3,0.01217,717.9353535
1724891820000,58992.42,58992.42,58992.42,58992.42,0.0,1724891879999,0.0,0,0.0,0.0
1724891880000,59016.65,59016.65,59016.65,59016.65,2e-05,1724891939999,1.180333,1,2e-05,1.180333
1724891940000,59016.83,59016.83,59016.83,59016.83,0.00012,1724891999999,7.0820196,1,0.00012,7.0820196
1724892000000,59089.06,59104.29,59089.06,59104.29,0.00298,1724892059999,176.1304796,2,0.00298,176.1304796
1724892060000,59144.44,59144.44,59144.44,59144.44,0.00012,1724892119999,7.0973328,1,0.00012,7.0973328
1724892120000,59144.44,59144.44,59144.44,59144.44,0.00074,1724892179999,43.7668856,1,0.0,0.0
1724892180000,59152.9,59152.9,59104.97,59104.97,0.00803,1724892239999,474.930474,8,0.00026,15.379754
1724892240000,59104.97,59104.97,59104.97,59104.97,0.0,1724892299999,0.0,0,0.0,0.0
1724892300000,59139.97,59139.97,59139.7,59139.7,7e-05,1724892359999,4.1397925,2,7e-05,4.1397925
1724892360000,59096.44,59096.44,59096.44,59096.44,3e-05,1724892419999,1.7728932,1,3e-05,1.7728932
1724892420000,59125.31,59147.33,59125.31,59147.33,0.00367,1724892479999,217.0535255,2,0.00367,217.0535255
1724892480000,59152.85,59152.85,59143.4,59143.4,8e-05,1724892539999,4.7319445,2,8e-05,4.7319445
1724892540000,59143.4,59143.4,59143.4,59143.4,0.0,1724892599999,0.0,0,0.0,0.0
1724892600000,59066.51,59120.68,59066.51,59120.68,0.0007,1724892659999,41.3823092,2,0.00066,39.0196488
1724892660000,59079.99,59120.66,59079.99,59120.66,0.00539,1724892719999,318.5834911,3,0.0035,206.92231
1724892720000,59130.3,59130.31,59091.51,59091.51,0.00367,1724892779999,216.9271402,3,0.00158,93.4258843
1724892780000,59145.33,59145.33,59145.33,59145.33,0.00039,1724892839999,23.0666787,1,0.00039,23.0666787
1724892840000,59145.33,59145.33,59145.33,59145.33,0.0,1724892899999,0.0,0,0.0,0.0
1724892900000,59130.61,59146.34,59130.61,59146.34,0.00198,1724892959999,117.0798662,2,0.00198,117.0798662
1724892960000,59121.8,59121.8,59121.8,59121.8,0.0001,1724893019999,5.91218,1,0.0,0.0
1724893020000,59123.5,59123.5,59123.5,59123.5,2e-05,1724893079999,1.18247,1,0.0,0.0
1724893080000,59152.9,59152.9,59152.9,59152.9,0.0003,1724893139999,17.74587,1,0.0003,17.74587
1724893140000,59192.41,59192.41,59192.41,59192.41,0.0049,1724893199999,290.042809,1,0.0,0.0
1724893200000,59192.41,59192.41,59192.41,59192.41,0.0,1724893259999,0.0,0,0.0,0.0
1724893260000,59151.94,59162.77,59151.94,59162.77,4e-05,1724893319999,2.3662942,2,2e-05,1.1832554
1724893320000,59162.77,59162.77,59162.77,59162.77,0.0,1724893379999,0.0,0,0.0,0.0
1724893380000,59162.77,59162.77,59162.77,59162.77,0.0,1724893439999,0.0,0,0.0,0.0
1724893440000,59162.77,59162.77,59162.77,59162.77,0.0,1724893499999,0.0,0,0.0,0.0
1724893500000,59162.77,59162.77,59162.77,59162.77,0.0,1724893559999,0.0,0,0.0,0.0
1724893560000,59159.21,59159.21,59117.21,59154.93,6e-05,1724893619999,3.548627,3,2e-05,1.1830986
1724893620000,59154.93,59154.93,59154.93,59154.93,0.0,1724893679999,0.0,0,0.0,0.0
1724893680000,59211.64,59285.34,59211.64,59285.34,0.00677,1724893739999,401.2377083,14,0.00135,79.9805881
1724893740000,59285.34,59285.34,59285.34,59285.34,0.0,1724893799999,0.0,0,0.0,0.0
1724893800000,59285.65,59285.65,59285.65,59285.65,2e-05,1724893859999,1.185713,1,0.0,0.0
1724893860000,59228.2,59228.2,59207.45,59207.45,0.00198,1724893919999,117.231166,2,0.0,0.0
1724893920000,59207.45,59207.45,59207.45,59207.45,0.0,1724893979999,0.0,0,0.0,0.0
1724893980000,59212.08,59212.08,59212.08,59212.08,0.00297,1724894039999,175.8598776,1,0.00297,175.8598776
1724894040000,59211.98,59211.98,59144.44,59163.45,0.00311,1724894099999,184.0042984,3,0.00299,176.9069656
1724894100000,59163.45,59163.45,59163.45,59163.45,0.0,1724894159999,0.0,0,0.0,0.0
1724894160000,59163.45,59163.45,59163.45,59163.45,0.0,1724894219999,0.0,0,0.0,0.0
1724894220000,59083.79,59083.79,59007.64,59069.08,0.00252,1724894279999,148.863597,5,0.00235,138.8320462
1724894280000,59041.58,59041.58,59041.58,59041.58,8e-05,1724894339999,4.7233264,2,8e-05,4.7233264
1724894340000,58975.95,58975.95,58975.95,58975.95,0.00056,1724894399999,33.026532,1,0.0,0.0
1724894400000,59021.39,59021.39,59021.37,59021.37,0.00016,1724894459999,9.443422,2,0.00016,9.443422
1724894460000,59021.37,59021.37,59021.37,59021.37,0.0,1724894519999,0.0,0,0.0,0.0
1724894520000,59021.37,59021.37,59021.37,59021.37,0.0,1724894579999,0.0,0,0.0,0.0
1724894580000,59021.37,59021.37,59021.36,59021.36,0.00058,1724894639999,34.2323914,3,0.00058,34.2323914
1724894640000,58992.37,58992.37,58992.37,58992.37,0.00029,1724894699999,17.1077873,1,0.0,0.0
1724894700000,59000.0,59000.0,59000.0,59000.0,0.00092,1724894759999,54.28,3,0.00092,54.28
1724894760000,59000.0,59000.0,59000.0,59000.0,0.0,1724894819999,0.0,0,0.0,0.0
1724894820000,59000.0,59000.0,59000.0,59000.0,0.0,1724894879999,0.0,0,0.0,0.0
1724894880000,58999.95,59000.0,58996.19,59000.0,0.00657,1724894939999,387.6280559,4,0.00606,357.539999
1724894940000,59000.0,59000.0,59000.0,59000.0,0.0,1724894999999,0.0,0,0.0,0.0
1724895000000,58997.02,58997.02,58997.02,58997.02,0.00153,1724895059999,90.2654406,1,0.00153,90.2654406
1724895060000,58932.71,58983.27,58923.29,58982.98,0.00237,1724895119999,139.7616703,5,0.00187,110.2986714
1724895120000,58982.21,58982.21,58982.21,58982.21,3e-05,1724895179999,1.7694663,1,3e-05,1.7694663
1724895180000,58981.69,58982.18,58981.69,58982.18,0.00232,1724895239999,136.8386478,2,0.00232,136.8386478
1724895240000,58936.26,58982.18,58935.55,58982.18,0.03612,1724895299999,2128.7912354,5,0.00084,49.5450172
1724895300000,58982.18,58982.18,58982.18,58982.18,0.0,1724895359999,0.0,0,0.0,0.0
1724895360000,59040.64,59040.64,59040.64,59040.64,5e-05,1724895419999,2.952032,2,5e-05,2.952032
1724895420000,59050.09,59050.09,58997.44,59003.42,0.00516,1724895479999,304.5862682,5,0.00298,175.969267
1724895480000,59050.04,59050.04,59002.62,59002.62,0.01274,1724895539999,751.8114546,2,0.00249,147.0345996
1724895540000,59079.23,59079.23,59079.23,59079.23,8e-05,1724895599999,4.7263384,1,8e-05,4.7263384
1724895600000,59079.23,59079.23,59078.99,59078.99,0.00594,1724895659999,350.9292078,2,0.00594,350.9292078
1724895660000,59078.83,59078.83,59078.83,59078.83,5e-05,1724895719999,2.9539415,1,5e-05,2.9539415
1724895720000,59078.6,59078.6,59078.6,59078.6,2e-05,1724895779999,1.181572,1,2e-05,1.181572
1724895780000,59078.6,59078.6,59078.6,59078.6,0.0,1724895839999,0.0,0,0.0,0.0
1724895840000,59043.05,59043.05,59016.12,59016.12,0.00237,1724895899999,139.868743,2,0.0,0.0
1724895900000,59055.08,59055.79,59055.08,59055.79,3e-05,1724895959999,1.7716595,2,3e-05,1.7716595
1724895960000,58920.5,58920.5,58915.32,58915.32,0.00032,1724896019999,18.853265,2,0.0,0.0
1724896020000,58919.05,58978.21,58919.05,58972.19,0.00163,1724896079999,96.1224677,4,0.00156,91.997098
1724896080000,58971.45,58971.45,58961.39,58961.39,0.0002,1724896139999,11.7928816,4,0.0002,11.7928816
1724896140000,58961.39,58961.39,58961.39,58961.39,0.0,1724896199999,0.0,0,0.0,0.0
1724896200000,58961.39,58961.39,58961.39,58961.39,0.0,1724896259999,0.0,0,0.0,0.0
1724896260000,58966.77,58967.49,58966.77,58967.49,0.00022,1724896319999,12.9728329,3,0.00022,12.9728329
1724896320000,58967.48,58982.45,58967.48,58982.45,0.00525,1724896379999,309.5804676,3,0.00525,309.5804676
1724896380000,59027.82,59027.82,59027.8,59027.8,0.14654,1724896439999,8649.9338124,3,0.14654,8649.9338124
1724896440000,59027.8,59027.8,59027.8,59027.8,0.0,1724896499999,0.0,0,0.0,0.0
1724896500000,59027.38,59027.38,59027.38,59027.38,0.00168,1724896559999,99.1659984,1,0.00168,99.1659984
1724896560000,59037.69,59037.69,59008.8,59008.8,0.00076,1724896619999,44.847718,3,2e-05,1.1807538
1724896620000,59050.82,59050.82,59050.82,59050.82,2e-05,1724896679999,1.1810164,1,2e-05,1.1810164
1724896680000,59051.34,59051.34,59009.91,59026.8,0.0045,1724896739999,265.7278848,6,0.00194,114.5586038
1724896740000,58989.87,58989.87,58989.87,58989.87,0.00534,1724896799999,315.0059058,1,0.0,0.0
1724896800000,58989.89,59026.61,58989.89,59026.61,0.00012,1724896859999,7.0817244,2,8e-05,4.7221288
1724896860000,58984.11,59022.12,58984.11,59022.12,0.00764,1724896919999,450.9270987,3,0.00759,447.9778908
1724896920000,59022.12,59022.12,59022.12,59022.12,0.0,1724896979999,0.0,0,0.0,0.0
1724896980000,58965.3,58965.3,58965.3,58965.3,8e-05,1724897039999,4.717224,1,0.0,0.0
1724897040000,58965.3,58965.3,58965.3,58965.3,0.0,1724897099999,0.0,0,0.0,0.0
1724897100000,58997.82,59026.93,58986.65,59026.93,0.00273,1724897159999,161.1133236,6,0.0027,159.3434151
1724897160000,59019.91,59019.91,59019.91,59019.91,2e-05,1724897219999,1.1803982,1,0.0,0.0
1724897220000,59019.91,59019.91,59019.91,59019.91,0.0,1724897279999,0.0,0,0.0,0.0
1724897280000,59087.79,59087.79,59060.38,59060.38,4e-05,1724897339999,2.3629634,2,2e-05,1.1817558
1724897340000,59107.1,59107.1,59107.1,59107.1,0.01691,1724897399999,999.501061,1,0.01691,999.501061
1724897400000,59133.76,59133.76,59133.76,59133.76,0.00254,1724897459999,150.1997504,1,0.00254,150.1997504
1724897460000,59091.41,59125.53,59078.73,59125.53,0.00303,1724897519999,179.1487375,3,0.00299,176.7853347
1724897520000,59104.5,59104.5,59104.5,59104.5,3e-05,1724897579999,1.773135,1,0.0,0.0
1724897580000,59104.5,59104.5,59104.5,59104.5,5e-05,1724897639999,2.955225,2,5e-05,2.955225
1724897640000,59104.5,59110.08,59104.5,59110.08,0.00819,1724897699999,484.0659666,2,0.00819,484.0659666
1724897700000,59110.08,59110.08,59110.08,59110.08,0.0,1724897759999,0.0,0,0.0,0.0
1724897760000,59097.39,59146.27,59097.39,59146.25,0.00132,1724897819999,78.0715944,3,0.00129,76.2986727
1724897820000,59146.25,59146.25,59146.23,59146.23,0.00294,1724897879999,173.8899282,4,0.00294,173.8899282
1724897880000,59129.45,59129.45,59128.74,59128.74,0.00028,1724897939999,16.5560614,2,0.0,0.0
1724897940000,59125.58,59125.58,59125.58,59125.58,0.00098,1724897999999,57.9430684,1,0.0,0.0
1724898000000,59144.7,59146.23,59144.7,59146.23,0.00295,1724898059999,174.4813479,4,0.00295,174.4813479
1724898060000,59129.21,59129.21,59129.21,59129.21,3e-05,1724898119999,1.7738763,1,0.0,0.0
1724898120000,59116.08,59116.08,59116.08,59116.08,0.00118,1724898179999,69.7569744,1,0.0,0.0
1724898180000,59146.22,59146.22,59146.22,59146.22,0.00013,1724898239999,7.6890086,1,0.00013,7.6890086
1724898240000,59145.96,59145.96,59101.63,59101.63,0.0084,1724898299999,496.537919,2,0.0019,112.377324
1724898300000,59101.63,59101.63,59101.63,59101.63,0.0,1724898359999,0.0,0,0.0,0.0
1724898360000,59138.73,59210.22,59138.73,59199.4,0.11707,1724898419999,6924.8782658,8,0.11554,6834.3897927
1724898420000,59195.56,59195.56,59131.47,59193.15,0.08452,1724898479999,5003.0039972,3,0.0845,5001.8213678
1724898480000,59178.8,59178.8,59163.74,59163.87,0.01584,1724898539999,937.2168669,21,0.01584,937.2168669
1724898540000,59163.75,59163.75,59163.75,59163.75,0.00245,1724898599999,144.9511875,2,0.00245,144.9511875
1724898600000,59123.91,59163.72,59075.38,59075.38,0.00346,1724898659999,204.6412602,4,0.0027,159.7420302
1724898660000,59136.08,59136.08,59065.88,59065.88,0.00064,1724898719999,37.8449801,3,0.00061,36.0730037
1724898720000,59065.88,59065.88,59065.88,59065.88,0.0,1724898779999,0.0,0,0.0,0.0
1724898780000,59067.18,59067.18,59067.18,59067.18,0.00168,1724898839999,99.2328624,1,0.0,0.0
1724898840000,59112.83,59112.88,59085.65,59085.65,0.00693,1724898899999,409.6275599,3,0.00603,356.4504749
1724898900000,59085.65,59085.65,59085.65,59085.65,0.0,1724898959999,0.0,0,0.0,0.0
1724898960000,59085.65,59085.65,59085.65,59085.65,0.0,1724899019999,0.0,0,0.0,0.0
1724899020000,59042.3,59042.3,58967.89,58978.35,0.00197,1724899079999,116.2500989,10,0.00139,82.0439449
1724899080000,58977.66,58985.11,58977.66,58981.94,0.00018,1724899139999,10.6171074,3,0.00016,9.4374686
1724899140000,58984.37,58985.11,58984.37,58985.11,0.06899,1724899199999,4069.3823753,6,0.03411,2011.9820873
1724899200000,59009.29,59009.29,59009.29,59009.29,0.0001,1724899259999,5.900929,1,0.0001,5.900929
1724899260000,59009.29,59009.29,59009.28,59009.28,6e-05,1724899319999,3.5405572,2,6e-05,3.5405572
1724899320000,59036.41,59036.41,59036.41,59036.41,2e-05,1724899379999,1.1807282,1,2e-05,1.1807282
1724899380000,59043.85,59043.85,59043.85,59043.85,3e-05,1724899439999,1.7713155,1,3e-05,1.7713155
1724899440000,59059.65,59059.65,59059.65,59059.65,0.00546,1724899499999,322.465689,1,0.0,0.0
1724899500000,59151.49,59159.93,59151.49,59159.93,0.00062,1724899559999,36.6749666,3,0.00056,33.125624
1724899560000,59191.68,59191.68,59191.68,59191.68,3e-05,1724899619999,1.7757504,1,3e-05,1.7757504
1724899620000,59191.68,59191.68,59191.68,59191.68,0.0,1724899679999,0.0,0,0.0,0.0
1724899680000,59184.63,59184.63,59184.63,59184.63,3e-05,1724899739999,1.7755389,1,3e-05,1.7755389
1724899740000,59184.63,59184.63,59184.63,59184.63,0.0,1724899799999,0.0,0,0.0,0.0
1724899800000,59129.62,59129.62,59112.06,59112.06,0.00028,1724899859999,16.551728,2,0.0,0.0
1724899860000,59112.06,59112.06,59112.06,59112.06,0.0,1724899919999,0.0,0,0.0,0.0
1724899920000,59112.06,59112.06,59112.06,59112.06,0.0,1724899979999,0.0,0,0.0,0.0
1724899980000,59174.07,59174.07,59174.07,59174.07,0.00121,1724900039999,71.6006247,1,0.00121,71.6006247
1724900040000,59174.07,59174.07,59174.07,59174.07,0.0,1724900099999,0.0,0,0.0,0.0
1724900100000,59174.07,59174.07,59174.07,59174.07,0.0,1724900159999,0.0,0,0.0,0.0
1724900160000,59162.34,59162.36,59121.83,59162.36,0.00875,1724900219999,517.6696702,3,0.00873,516.4872336
1724900220000,59162.37,59162.37,59162.37,59162.37,0.00289,1724900279999,170.9792493,1,0.00289,170.9792493
1724900280000,59162.37,59162.37,59162.37,59162.37,0.0,1724900339999,0.0,0,0.0,0.0
1724900340000,59177.62,59177.62,59177.62,59177.62,0.00324,1724900399999,191.7354888,3,0.00324,191.7354888
1724900400000,59177.1,59177.1,59177.1,59177.1,2e-05,1724900459999,1.183542,1,2e-05,1.183542
1724900460000,59177.1,59177.11,59136.47,59177.11,0.00183,1724900519999,108.290451,5,0.00174,102.9681687
1724900520000,59152.58,59152.58,59152.58,59152.58,0.001,1724900579999,59.15258,1,0.0,0.0
1724900580000,59179.61,59179.61,59179.61,59179.61,2e-05,1724900639999,1.1835922,1,2e-05,1.1835922
1724900640000,59179.6,59179.61,59179.6,59179.61,0.01691,1724900699999,1000.727198,2,0.01691,1000.727198
1724900700000,59179.61,59179.61,59179.61,59179.61,4e-05,1724900759999,2.3671844,1,4e-05,2.3671844
1724900760000,59179.61,59179.61,59179.61,59179.61,0.0,1724900819999,0.0,0,0.0,0.0
1724900820000,59180.0,59181.94,59112.06,59112.06,0.0005,1724900879999,29.5858844,4,0.00043,25.4480402
1724900880000,59134.46,59134.46,59132.57,59132.62,0.00409,1724900939999,241.8540169,7,0.00409,241.8540169
1724900940000,59132.61,59132.61,59132.61,59132.61,0.00186,1724900999999,109.9866546,1,0.00186,109.9866546
1724901000000,59099.65,59132.61,59099.65,59132.61,7e-05,1724901059999,4.1382939,2,4e-05,2.3653044
1724901060000,59100.06,59100.06,59100.06,59100.06,2e-05,1724901119999,1.1820012,1,0.0,0.0
1724901120000,59100.06,59100.06,59100.06,59100.06,0.0,1724901179999,0.0,0,0.0,0.0
1724901180000,59100.0,59100.0,59082.11,59087.83,0.01272,1724901239999,751.7417857,4,0.00023,13.5902009
1724901240000,59087.83,59087.83,59087.83,59087.83,0.0,1724901299999,0.0,0,0.0,0.0
1724901300000,59087.83,59087.83,59087.83,59087.83,0.01708,1724901359999,1009.2201364,2,0.01708,1009.2201364
1724901360000,59130.95,59130.95,59130.95,59130.95,3e-05,1724901419999,1.7739285,1,3e-05,1.7739285
1724901420000,59130.95,59130.95,59130.95,59130.95,0.0,1724901479999,0.0,0,0.0,0.0
1724901480000,59130.95,59130.95,59130.95,59130.95,0.0,1724901539999,0.0,0,0.0,0.0
1724901540000,59092.96,59092.96,59092.96,59092.96,0.00426,1724901599999,251.7360096,1,0.00426,251.7360096
1724901600000,59092.96,59092.96,59092.96,59092.96,0.0,1724901659999,0.0,0,0.0,0.0
1724901660000,59092.96,59092.96,59092.96,59092.96,0.0,1724901719999,0.0,0,0.0,0.0
1724901720000,59090.08,59090.08,59090.08,59090.08,2e-05,1724901779999,1.1818016,1,2e-05,1.1818016
1724901780000,59090.08,59090.08,59090.08,59090.08,0.0,1724901839999,0.0,0,0.0,0.0
1724901840000,59101.36,59101.36,59101.35,59101.35,0.00142,1724901899999,83.9239241,2,0.00142,83.9239241
1724901900000,59101.35,59101.35,59101.35,59101.35,0.0,1724901959999,0.0,0,0.0,0.0
1724901960000,59101.35,59101.35,59101.35,59101.35,0.0,1724902019999,0.0,0,0.0,0.0
1724902020000,59132.6,59132.6,59132.56,59132.56,6e-05,1724902079999,3.5479548,2,6e-05,3.5479548
1724902080000,59127.89,59127.89,59127.89,59127.89,4e-05,1724902139999,2.3651156,1,4e-05,2.3651156
1724902140000,59127.89,59127.89,59127.89,59127.89,0.0,1724902199999,0.0,0,0.0,0.0
1724902200000,59127.89,59127.89,59127.89,59127.89,0.0,1724902259999,0.0,0,0.0,0.0
1724902260000,59114.86,59114.86,59114.86,59114.86,0.00065,1724902319999,38.424659,1,0.0,0.0
1724902320000,59132.62,59165.29,59131.88,59131.88,0.00405,1724902379999,239.5457559,5,0.00243,143.751051
1724902380000,59159.69,59159.69,59115.42,59115.42,0.00047,1724902439999,27.7855755,2,3e-05,1.7747907
1724902440000,59115.42,59115.42,59115.42,59115.42,0.0,1724902499999,0.0,0,0.0,0.0
1724902500000,59144.65,59144.65,59144.65,59144.65,0.00019,1724902559999,11.2374835,1,0.0,0.0
1724902560000,59144.65,59144.65,59144.65,59144.65,0.0,1724902619999,0.0,0,0.0,0.0
1724902620000,59144.65,59144.65,59144.65,59144.65,0.0,1724902679999,0.0,0,0.0,0.0
1724902680000,59147.35,59147.35,59147.35,59147.35,2e-05,1724902739999,1.182947,1,0.0,0.0
1724902740000,59147.35,59147.35,59147.35,59147.35,0.0,1724902799999,0.0,0,0.0,0.0
1724902800000,59152.73,59152.73,59152.73,59152.73,2e-05,1724902859999,1.1830546,1,0.0,0.0
1724902860000,59142.72,59142.72,59142.72,59142.72,2e-05,1724902919999,1.1828544,1,0.0,0.0
1724902920000,59132.91,59133.08,59132.91,59133.08,4e-05,1724902979999,2.3653198,2,0.0,0.0
1724902980000,59133.08,59133.08,59133.08,59133.08,0.0,1724903039999,0.0,0,0.0,0.0
1724903040000,59133.08,59133.08,59133.08,59133.08,0.0,1724903099999,0.0,0,0.0,0.0
1724903100000,59138.57,59138.57,59138.57,59138.57,6e-05,1724903159999,3.5483142,1,0.0,0.0
1724903160000,59140.58,59140.58,59140.58,59140.58,4e-05,1724903219999,2.3656232,1,0.0,0.0
1724903220000,59141.64,59141.64,59133.78,59133.78,0.00026,1724903279999,15.37494,2,0.0,0.0
1724903280000,59125.68,59125.68,59125.68,59125.68,2e-05,1724903339999,1.1825136,1,0.0,0.0
1724903340000,59117.78,59117.78,59117.78,59117.78,0.00028,1724903399999,16.5529784,1,0.0,0.0
1724903400000,59120.52,59120.52,59120.52,59120.52,3e-05,1724903459999,1.7736156,1,0.0,0.0
1724903460000,59120.52,59120.52,59120.52,59120.52,0.0,1724903519999,0.0,0,0.0,0.0
1724903520000,59120.52,59120.52,59120.52,59120.52,0.0,1724903579999,0.0,0,0.0,0.0
1724903580000,59120.52,59120.52,59120.52,59120.52,0.0,1724903639999,0.0,0,0.0,0.0
1724903640000,59120.52,59120.52,59120.52,59120.52,0.0,1724903699999,0.0,0,0.0,0.0
1724903700000,59169.57,59169.57,59126.03,59168.66,0.00777,1724903759999,459.7448023,6,0.00771,456.1972405
1724903760000,59112.35,59117.72,59112.35,59117.72,0.00568,1724903819999,335.7583091,2,0.0,0.0
1724903820000,59145.89,59145.89,59145.89,59145.89,0.00021,1724903879999,12.4206369,1,0.0,0.0
1724903880000,59145.89,59145.89,59145.89,59145.89,0.0,1724903939999,0.0,0,0.0,0.0
1724903940000,59140.27,59140.27,59140.27,59140.27,2e-05,1724903999999,1.1828054,1,0.0,0.0
1724904000000,59140.27,59140.27,59140.27,59140.27,0.0,1724904059999,0.0,0,0.0,0.0
1724904060000,59140.27,59140.27,59140.27,59140.27,0.0,1724904119999,0.0,0,0.0,0.0
1724904120000,59140.27,59140.27,59140.27,59140.27,0.0,1724904179999,0.0,0,0.0,0.0
1724904180000,59149.5,59149.5,59074.38,59074.44,0.00049,1724904239999,28.977999,3,0.00042,24.84279
1724904240000,59074.44,59074.44,59074.44,59074.44,0.0,1724904299999,0.0,0,0.0,0.0
1724904300000,59150.91,59150.91,59150.91,59150.91,9e-05,1724904359999,5.3235819,1,9e-05,5.3235819
1724904360000,59150.91,59150.91,59150.91,59150.91,0.0,1724904419999,0.0,0,0.0,0.0
1724904420000,59150.91,59150.91,59150.91,59150.91,0.0,1724904479999,0.0,0,0.0,0.0
1724904480000,59171.65,59171.65,59171.65,59171.65,5e-05,1724904539999,2.9585825,1,5e-05,2.9585825
1724904540000,59171.65,59171.65,59171.65,59171.65,0.0,1724904599999,0.0,0,0.0,0.0
1724904600000,59171.65,59171.65,59171.65,59171.65,0.0,1724904659999,0.0,0,0.0,0.0
1724904660000,59171.65,59171.65,59171.65,59171.65,0.0,1724904719999,0.0,0,0.0,0.0
1724904720000,59171.65,59171.65,59171.65,59171.65,0.0,1724904779999,0.0,0,0.0,0.0
1724904780000,59171.65,59171.65,59171.65,59171.65,0.0,1724904839999,0.0,0,0.0,0.0
1724904840000,59171.65,59171.65,59171.65,59171.65,0.0,1724904899999,0.0,0,0.0,0.0
1724904900000,59098.15,59100.85,59098.15,59100.85,0.00161,1724904959999,95.1522335,2,0.0,0.0
1724904960000,59118.98,59118.98,59118.98,59118.98,2e-05,1724905019999,1.1823796,1,0.0,0.0
1724905020000,59125.89,59125.89,59125.84,59125.84,0.00277,1724905079999,163.7787071,14,0.00277,163.7787071
1724905080000,59125.84,59125.84,59125.84,59125.84,0.0,1724905139999,0.0,0,0.0,0.0
1724905140000,59125.84,59125.84,59125.84,59125.84,0.00021,1724905199999,12.4164264,6,0.00021,12.4164264
1724905200000,59125.84,59125.84,59125.84,59125.84,2e-05,1724905259999,1.1825168,1,2e-05,1.1825168
1724905260000,59125.84,59139.04,59125.84,59139.04,0.0599,1724905319999,3542.2252325,3,0.0599,3542.2252325
1724905320000,59139.04,59139.04,59139.04,59139.04,0.0,1724905379999,0.0,0,0.0,0.0
1724905380000,59171.66,59171.66,59171.66,59171.66,0.09912,1724905439999,5865.0949392,2,0.0,0.0
1724905440000,59171.67,59191.01,59171.67,59191.01,0.00304,1724905499999,179.9342882,2,0.00304,179.9342882
1724905500000,59191.01,59191.01,59191.01,59191.01,0.0,1724905559999,0.0,0,0.0,0.0
1724905560000,59191.01,59191.01,59191.01,59191.01,0.0,1724905619999,0.0,0,0.0,0.0
1724905620000,59211.89,59211.89,59211.89,59211.89,0.00422,1724905679999,249.8741758,1,0.00422,249.8741758
1724905680000,59171.71,59171.71,59171.68,59171.68,0.00043,1724905739999,25.4438241,3,0.0,0.0
1724905740000,59211.56,59211.56,59211.56,59211.56,8e-05,1724905799999,4.7369248,1,8e-05,4.7369248
1724905800000,59211.56,59211.56,59211.56,59211.56,0.0,1724905859999,0.0,0,0.0,0.0
1724905860000,59171.69,59171.69,59171.69,59171.69,6e-05,1724905919999,3.5503014,2,0.0,0.0
1724905920000,59171.69,59171.69,59171.69,59171.69,0.0,1724905979999,0.0,0,0.0,0.0
1724905980000,59220.0,59222.16,59220.0,59222.12,0.00739,1724906039999,437.6514344,3,0.00739,437.6514344
1724906040000,59171.69,59171.69,59171.68,59171.68,0.00807,1724906099999,477.515538,2,0.0,0.0
1724906100000,59171.68,59171.68,59171.68,59171.68,0.0,1724906159999,0.0,0,0.0,0.0
1724906160000,59110.37,59110.37,59110.37,59110.37,0.00169,1724906219999,99.8965253,1,0.0,0.0
1724906220000,59121.63,59177.16,59121.63,59177.16,0.0113,1724906279999,668.374281,3,0.0054,319.556664
1724906280000,59177.16,59177.16,59177.16,59177.16,0.0,1724906339999,0.0,0,0.0,0.0
1724906340000,59177.16,59177.16,59177.16,59177.16,0.0,1724906399999,0.0,0,0.0,0.0
1724906400000,59177.54,59177.54,59177.54,59177.54,3e-05,1724906459999,1.7753262,1,3e-05,1.7753262
1724906460000,59177.54,59177.54,59177.54,59177.54,0.0,1724906519999,0.0,0,0.0,0.0
1724906520000,59211.9,59212.96,59211.9,59212.96,0.00499,1724906579999,295.4723206,12,0.00499,295.4723206
1724906580000,59212.96,59212.96,59212.96,59212.96,0.0,1724906639999,0.0,0,0.0,0.0
1724906640000,59211.09,59211.09,59211.09,59211.09,4e-05,1724906699999,2.3684436,1,4e-05,2.3684436
1724906700000,59211.09,59211.09,59211.09,59211.09,0.0,1724906759999,0.0,0,0.0,0.0
1724906760000,59217.16,59217.16,59217.16,59217.16,2e-05,1724906819999,1.1843432,1,2e-05,1.1843432
1724906820000,59217.16,59217.16,59217.16,59217.16,0.0,1724906879999,0.0,0,0.0,0.0
1724906880000,59217.16,59217.16,59217.16,59217.16,0.0,1724906939999,0.0,0,0.0,0.0
1724906940000,59217.16,59217.16,59217.16,59217.16,0.0,1724906999999,0.0,0,0.0,0.0
1724907000000,59217.16,59217.16,59217.16,59217.16,0.0,1724907059999,0.0,0,0.0,0.0
1724907060000,59176.71,59176.71,59169.74,59169.74,0.00022,1724907119999,13.0174822,2,0.0,0.0
1724907120000,59224.28,59224.28,59224.28,59224.28,0.00028,1724907179999,16.5827984,1,0.00028,16.5827984
1724907180000,59224.28,59224.28,59224.28,59224.28,0.0,1724907239999,0.0,0,0.0,0.0
1724907240000,59224.28,59224.28,59224.28,59224.28,0.0,1724907299999,0.0,0,0.0,0.0
1724907300000,59224.28,59224.28,59224.28,59224.28,0.0,1724907359999,0.0,0,0.0,0.0
1724907360000,59224.28,59224.28,59224.28,59224.28,0.0,1724907419999,0.0,0,0.0,0.0
1724907420000,59224.28,59224.28,59224.28,59224.28,0.0,1724907479999,0.0,0,0.0,0.0
1724907480000,59224.28,59224.28,59224.28,59224.28,0.0,1724907539999,0.0,0,0.0,0.0
1724907540000,59178.34,59178.34,59178.34,59178.34,0.00084,1724907599999,49.7098056,1,0.0,0.0
1724907600000,59178.33,59178.33,59164.36,59164.36,0.00025,1724907659999,14.7916488,2,0.0,0.0
1724907660000,59164.36,59164.36,59164.36,59164.36,0.0,1724907719999,0.0,0,0.0,0.0
1724907720000,59180.29,59180.29,59180.29,59180.29,0.00169,1724907779999,100.0146901,1,0.0,0.0
1724907780000,59180.29,59180.29,59180.29,59180.29,0.0,1724907839999,0.0,0,0.0,0.0
1724907840000,59219.45,59219.45,59219.45,59219.45,0.00231,1724907899999,136.7969295,1,0.00231,136.7969295
1724907900000,59219.45,59219.45,59219.45,59219.45,0.0,1724907959999,0.0,0,0.0,0.0
1724907960000,59219.45,59219.45,59219.45,59219.45,0.0,1724908019999,0.0,0,0.0,0.0
1724908020000,59202.48,59202.48,59202.48,59202.48,0.00297,1724908079999,175.8313656,1,0.00297,175.8313656
1724908080000,59149.0,59202.2,59149.0,59202.2,0.00259,1724908139999,153.32891,2,0.0025,148.0055
1724908140000,59202.2,59202.2,59202.2,59202.2,0.0,1724908199999,0.0,0,0.0,0.0
1724908200000,59202.2,59202.2,59202.2,59202.2,0.0,1724908259999,0.0,0,0.0,0.0
1724908260000,59191.54,59191.54,59191.54,59191.54,2e-05,1724908319999,1.1838308,1,0.0,0.0
1724908320000,59191.54,59191.54,59191.54,59191.54,0.0,1724908379999,0.0,0,0.0,0.0
1724908380000,59191.54,59191.54,59191.54,59191.54,0.0,1724908439999,0.0,0,0.0,0.0
1724908440000,59191.54,59191.54,59191.54,59191.54,0.0,1724908499999,0.0,0,0.0,0.0
1724908500000,59191.54,59191.54,59191.54,59191.54,0.0,1724908559999,0.0,0,0.0,0.0
1724908560000,59240.0,59274.03,59240.0,59274.03,0.00149,1724908619999,88.3083666,5,0.00054,32.0030256
1724908620000,59268.78,59272.58,59268.78,59272.58,0.00132,1724908679999,78.2387036,2,0.0,0.0
1724908680000,59285.24,59330.38,59285.24,59330.37,0.04868,1724908739999,2887.7042017,16,0.04384,2600.5930759
1724908740000,59330.37,59330.37,59330.37,59330.37,0.0,1724908799999,0.0,0,0.0,0.0
1724908800000,59330.37,59330.37,59330.37,59330.37,0.01508,1724908859999,894.7019796,2,0.01508,894.7019796
1724908860000,59330.37,59330.37,59330.37,59330.37,0.0,1724908919999,0.0,0,0.0,0.0
1724908920000,59330.37,59330.37,59330.37,59330.37,0.0,1724908979999,0.0,0,0.0,0.0
1724908980000,59330.37,59330.37,59330.37,59330.37,0.0,1724909039999,0.0,0,0.0,0.0
1724909040000,59339.85,59352.71,59339.85,59352.71,0.00064,1724909099999,37.9784192,3,0.00064,37.9784192
1724909100000,59333.5,59339.16,59333.5,59339.16,0.0008,1724909159999,47.4699396,4,0.0,0.0
1724909160000,59339.09,59339.09,59339.09,59339.09,4e-05,1724909219999,2.3735636,2,0.0,0.0
1724909220000,59339.31,59339.31,59339.31,59339.31,0.00019,1724909279999,11.2744689,1,0.0,0.0
1724909280000,59339.24,59339.24,59339.09,59339.09,0.00031,1724909339999,18.3951209,2,0.0,0.0
1724909340000,59339.09,59339.09,59339.09,59339.09,0.0,1724909399999,0.0,0,0.0,0.0
1724909400000,59323.37,59323.37,59323.37,59323.37,6e-05,1724909459999,3.5594022,1,0.0,0.0
1724909460000,59321.63,59321.63,59304.44,59304.44,6e-05,1724909519999,3.5587821,2,0.0,0.0
1724909520000,59304.44,59304.44,59304.44,59304.44,0.0,1724909579999,0.0,0,0.0,0.0
1724909580000,59269.08,59269.08,59269.08,59269.08,4e-05,1724909639999,2.3707632,1,0.0,0.0
1724909640000,59269.08,59269.08,59269.08,59269.08,0.0,1724909699999,0.0,0,0.0,0.0
1724909700000,59274.71,59274.71,59274.71,59274.71,0.00078,1724909759999,46.2342738,1,0.0,0.0
1724909760000,59335.65,59346.79,59335.65,59346.79,0.00021,1724909819999,12.4626031,2,0.00021,12.4626031
1724909820000,59346.79,59346.79,59346.79,59346.79,0.0,1724909879999,0.0,0,0.0,0.0
1724909880000,59346.79,59346.79,59346.79,59346.79,0.0,1724909939999,0.0,0,0.0,0.0
1724909940000,59354.43,59354.43,59354.43,59354.43,0.00215,1724909999999,127.6120245,1,0.0,0.0
1724910000000,59362.18,59377.3,59362.18,59374.78,0.00281,1724910059999,166.8388724,5,0.00033,19.594509
1724910060000,59329.35,59329.35,59329.35,59329.35,0.00283,1724910119999,167.9020605,1,0.0,0.0
1724910120000,59329.35,59329.35,59329.35,59329.35,0.0,1724910179999,0.0,0,0.0,0.0
1724910180000,59329.35,59329.35,59329.35,59329.35,0.0,1724910239999,0.0,0,0.0,0.0
1724910240000,59366.74,59366.74,59366.74,59366.74,2e-05,1724910299999,1.1873348,1,0.0,0.0
1724910300000,59372.22,59372.22,59372.22,59372.22,4e-05,1724910359999,2.3748888,1,0.0,0.0
1724910360000,59346.55,59346.55,59346.55,59346.55,2e-05,1724910419999,1.186931,1,0.0,0.0
1724910420000,59346.53,59346.53,59346.53,59346.53,2e-05,1724910479999,1.1869306,1,0.0,0.0
1724910480000,59380.97,59381.67,59380.96,59380.96,0.00027,1724910539999,16.0328736,3,2e-05,1.1876194
1724910540000,59381.01,59417.14,59381.01,59417.14,0.00349,1724910599999,207.3526787,6,0.0009,53.46337
1724910600000,59406.01,59432.2,59406.01,59430.73,0.00206,1724910659999,122.4159741,7,0.00025,14.8556047
1724910660000,59415.4,59415.4,59415.4,59415.4,0.00014,1724910719999,8.318156,1,0.0,0.0
1724910720000,59432.27,59432.27,59432.27,59432.27,0.00195,1724910779999,115.8929265,1,0.00195,115.8929265
1724910780000,59431.41,59433.61,59431.41,59433.61,0.0002,1724910839999,11.886634,2,0.0,0.0
1724910840000,59433.61,59433.61,59433.61,59433.61,0.0,1724910899999,0.0,0,0.0,0.0
1724910900000,59437.95,59437.95,59437.95,59437.95,0.00035,1724910959999,20.8032825,1,0.0,0.0
1724910960000,59441.19,59441.59,59441.19,59441.59,0.0003,1724911019999,17.832469,2,0.0003,17.832469
1724911020000,59437.37,59437.37,59437.37,59437.37,0.00014,1724911079999,8.3212318,1,0.0,0.0
1724911080000,59437.37,59437.37,59437.37,59437.37,0.0,1724911139999,0.0,0,0.0,0.0
1724911140000,59437.37,59437.37,59437.37,59437.37,0.0,1724911199999,0.0,0,0.0,0.0
1724911200000,59437.42,59437.42,59437.42,59437.42,2e-05,1724911259999,1.1887484,1,0.0,0.0
1724911260000,59437.39,59437.39,59437.39,59437.39,2e-05,1724911319999,1.1887478,1,0.0,0.0
1724911320000,59442.05,59516.58,59442.05,59487.52,0.00998,1724911379999,593.8296446,17,0.00416,247.5027644
1724911380000,59487.52,59487.52,59487.52,59487.52,0.0,1724911439999,0.0,0,0.0,0.0
1724911440000,59470.65,59512.19,59470.65,59512.19,0.00603,1724911499999,358.6238373,5,2e-05,1.1896712
1724911500000,59502.95,59502.95,59502.95,59502.95,2e-05,1724911559999,1.190059,1,0.0,0.0
1724911560000,59502.95,59502.95,59502.95,59502.95,0.0,1724911619999,0.0,0,0.0,0.0
1724911620000,59502.95,59502.95,59502.95,59502.95,0.0,1724911679999,0.0,0,0.0,0.0
1724911680000,59502.95,59502.95,59502.95,59502.95,0.0,1724911739999,0.0,0,0.0,0.0
1724911740000,59437.37,59437.37,59437.37,59437.37,0.00026,1724911799999,15.4537162,1,0.0,0.0
1724911800000,59437.37,59437.37,59437.37,59437.37,0.0,1724911859999,0.0,0,0.0,0.0
1724911860000,59437.37,59437.37,59437.37,59437.37,3e-05,1724911919999,1.7831211,1,0.0,0.0
1724911920000,59437.37,59437.37,59437.37,59437.37,0.00114,1724911979999,67.7586018,2,0.0,0.0
1724911980000,59437.37,59437.37,59437.37,59437.37,0.0,1724912039999,0.0,0,0.0,0.0
1724912040000,59437.37,59437.37,59437.37,59437.37,0.0,1724912099999,0.0,0,0.0,0.0
1724912100000,59437.35,59437.35,59375.68,59375.68,0.02511,1724912159999,1490.9504596,2,0.00044,26.152434
1724912160000,59437.36,59437.36,59437.26,59437.26,4e-05,1724912219999,2.3774924,2,4e-05,2.3774924
1724912220000,59437.26,59437.26,59437.26,59437.26,0.0,1724912279999,0.0,0,0.0,0.0
1724912280000,59437.26,59437.26,59437.26,59437.26,0.0,1724912339999,0.0,0,0.0,0.0
1724912340000,59437.26,59437.26,59437.26,59437.26,0.0,1724912399999,0.0,0,0.0,0.0
1724912400000,59437.26,59437.26,59437.26,59437.26,0.0,1724912459999,0.0,0,0.0,0.0
1724912460000,59527.27,59533.72,59527.2,59527.2,0.00334,1724912519999,198.823334,3,0.0005,29.766086
1724912520000,59522.42,59538.28,59522.42,59538.28,7e-05,1724912579999,4.1673624,3,5e-05,2.976914
1724912580000,59531.4,59559.11,59530.72,59554.24,0.00518,1724912639999,308.465665,11,0.00227,135.1884355
1724912640000,59554.24,59554.24,59554.24,59554.24,0.00195,1724912699999,116.130768,1,0.0,0.0
1724912700000,59554.24,59554.24,59554.24,59554.24,0.0,1724912759999,0.0,0,0.0,0.0
1724912760000,59554.24,59554.24,59554.24,59554.24,0.0,1724912819999,0.0,0,0.0,0.0
1724912820000,59555.79,59555.79,59555.79,59555.79,0.00345,1724912879999,205.4674755,1,0.00345,205.4674755
1724912880000,59555.79,59555.79,59555.79,59555.79,0.0,1724912939999,0.0,0,0.0,0.0
1724912940000,59555.79,59555.79,59555.79,59555.79,0.0,1724912999999,0.0,0,0.0,0.0
1724913000000,59563.29,59628.9,59563.29,59605.68,0.03634,1724913059999,2165.790032,20,0.00658,392.1026216
1724913060000,59628.89,59635.48,59611.35,59634.7,0.01781,1724913119999,1061.9110768,7,0.00946,564.0894479
1724913120000,59635.48,59635.48,59635.48,59635.48,0.00205,1724913179999,122.252734,2,0.0,0.0
1724913180000,59635.48,59635.48,59635.48,59635.48,0.0,1724913239999,0.0,0,0.0,0.0
1724913240000,59633.04,59702.1,59633.04,59702.1,0.15016,1724913299999,8962.7884132,17,0.14035,8377.1170276
1724913300000,59701.5,59701.5,59679.76,59687.32,0.00043,1724913359999,25.6628828,3,0.0,0.0
1724913360000,59670.42,59670.42,59649.21,59649.21,0.01102,1724913419999,657.5672826,3,0.0,0.0
1724913420000,59649.33,59715.7,59649.33,59715.7,0.00037,1724913479999,22.092825,3,2e-05,1.1936574
1724913480000,59737.69,59738.1,59698.34,59738.1,0.09881,1724913539999,5902.6759163,6,0.09715,5803.5160721
1724913540000,59721.25,59738.1,59720.82,59738.1,0.00072,1724913599999,43.0073501,4,0.0,0.0
1724913600000,59738.1,59738.1,59738.1,59738.1,0.0,1724913659999,0.0,0,0.0,0.0
1724913660000,59737.67,59737.67,59675.37,59675.37,0.06475,1724913719999,3868.0128865,2,0.06473,3866.8193791
1724913720000,59675.37,59675.37,59675.37,59675.37,0.0,1724913779999,0.0,0,0.0,0.0
1724913780000,59637.21,59641.37,59637.21,59641.37,0.00312,1724913839999,186.0681784,2,0.0,0.0
1724913840000,59641.37,59641.37,59641.37,59641.37,0.0,1724913899999,0.0,0,0.0,0.0
1724913900000,59668.65,59698.24,59667.19,59667.19,0.0017,1724913959999,101.467792,4,0.0011,65.6674722
1724913960000,59641.29,59641.29,59641.29,59641.29,4e-05,1724914019999,2.3856516,1,0.0,0.0
1724914020000,59641.29,59641.29,59641.29,59641.29,0.0,1724914079999,0.0,0,0.0,0.0
1724914080000,59621.03,59621.03,59621.03,59621.03,2e-05,1724914139999,1.1924206,1,0.0,0.0
1724914140000,59621.03,59621.03,59621.03,59621.03,0.0,1724914199999,0.0,0,0.0,0.0
1724914200000,59618.18,59618.18,59618.18,59618.18,0.00024,1724914259999,14.3083632,1,0.0,0.0
1724914260000,59618.18,59618.18,59618.18,59618.18,0.0,1724914319999,0.0,0,0.0,0.0
1724914320000,59623.26,59623.26,59623.26,59623.26,0.00435,1724914379999,259.361181,1,0.0,0.0
1724914380000,59623.26,59623.26,59623.26,59623.26,0.0,1724914439999,0.0,0,0.0,0.0
1724914440000,59623.26,59623.26,59623.26,59623.26,0.0,1724914499999,0.0,0,0.0,0.0
1724914500000,59623.26,59623.26,59623.26,59623.26,0.0,1724914559999,0.0,0,0.0,0.0
1724914560000,59576.87,59576.87,59576.87,59576.87,0.00022,1724914619999,13.1069114,1,0.0,0.0
1724914620000,59576.87,59576.87,59576.87,59576.87,0.0,1724914679999,0.0,0,0.0,0.0
1724914680000,59576.87,59576.87,59576.87,59576.87,7e-05,1724914739999,4.1703809,2,7e-05,4.1703809
1724914740000,59576.87,59576.87,59576.87,59576.87,0.0,1724914799999,0.0,0,0.0,0.0
1724914800000,59576.87,59576.87,59576.87,59576.87,0.00159,1724914859999,94.7272233,4,0.00159,94.7272233
1724914860000,59619.31,59645.9,59619.31,59645.89,0.00499,1724914919999,297.6324876,5,0.00499,297.6324876
1724914920000,59645.89,59645.89,59645.89,59645.89,0.0,1724914979999,0.0,0,0.0,0.0
1724914980000,59645.89,59645.89,59645.89,59645.89,0.0,1724915039999,0.0,0,0.0,0.0
1724915040000,59645.89,59645.89,59645.89,59645.89,0.0,1724915099999,0.0,0,0.0,0.0
1724915100000,59635.61,59635.61,59631.22,59631.22,3e-05,1724915159999,1.7890244,2,0.0,0.0
1724915160000,59631.33,59631.33,59631.33,59631.33,2e-05,1724915219999,1.1926266,1,2e-05,1.1926266
1724915220000,59653.46,59653.46,59653.46,59653.46,2e-05,1724915279999,1.1930692,1,0.0,0.0
1724915280000,59653.46,59653.46,59653.46,59653.46,0.0,1724915339999,0.0,0,0.0,0.0
1724915340000,59653.46,59653.46,59653.46,59653.46,0.0,1724915399999,0.0,0,0.0,0.0
1724915400000,59649.27,59660.54,59643.49,59644.29,0.00029,1724915459999,17.3005247,5,0.00024,14.3182186
1724915460000,59618.02,59618.02,59618.02,59618.02,0.00205,1724915519999,122.216941,1,0.00205,122.216941
1724915520000,59618.02,59618.02,59618.02,59618.02,0.0,1724915579999,0.0,0,0.0,0.0
1724915580000,59618.02,59618.02,59618.02,59618.02,0.0,1724915639999,0.0,0,0.0,0.0
1724915640000,59618.02,59618.02,59618.02,59618.02,0.0,1724915699999,0.0,0,0.0,0.0
1724915700000,59618.02,59618.02,59618.02,59618.02,0.0,1724915759999,0.0,0,0.0,0.0
1724915760000,59632.01,59632.01,59632.01,59632.01,2e-05,1724915819999,1.1926402,1,2e-05,1.1926402
1724915820000,59632.01,59632.01,59632.01,59632.01,0.0,1724915879999,0.0,0,0.0,0.0
1724915880000,59632.01,59632.01,59632.01,59632.01,0.0,1724915939999,0.0,0,0.0,0.0
1724915940000,59632.01,59632.01,59632.01,59632.01,0.0,1724915999999,0.0,0,0.0,0.0
1724916000000,59632.06,59632.06,59632.06,59632.06,2e-05,1724916059999,1.1926412,1,2e-05,1.1926412
1724916060000,59632.06,59632.06,59632.06,59632.06,0.0,1724916119999,0.0,0,0.0,0.0
1724916120000,59610.95,59610.95,59610.95,59610.95,2e-05,1724916179999,1.192219,1,0.0,0.0
1724916180000,59610.95,59610.95,59610.95,59610.95,0.0,1724916239999,0.0,0,0.0,0.0
1724916240000,59564.45,59564.45,59564.45,59564.45,0.00038,1724916299999,22.634491,1,0.0,0.0
1724916300000,59569.7,59569.7,59569.7,59569.7,2e-05,1724916359999,1.191394,1,0.0,0.0
1724916360000,59569.7,59569.7,59569.7,59569.7,0.0,1724916419999,0.0,0,0.0,0.0
1724916420000,59527.27,59527.27,59527.27,59527.27,0.00012,1724916479999,7.1432724,1,0.0,0.0
1724916480000,59527.27,59527.27,59527.27,59527.27,0.0,1724916539999,0.0,0,0.0,0.0
1724916540000,59527.27,59527.27,59527.27,59527.27,0.0,1724916599999,0.0,0,0.0,0.0
1724916600000,59545.03,59545.03,59545.03,59545.03,2e-05,1724916659999,1.1909006,1,2e-05,1.1909006
1724916660000,59545.03,59545.03,59545.03,59545.03,0.0,1724916719999,0.0,0,0.0,0.0
1724916720000,59545.03,59545.03,59545.03,59545.03,0.0,1724916779999,0.0,0,0.0,0.0
1724916780000,59593.93,59593.93,59593.93,59593.93,2e-05,1724916839999,1.1918786,1,0.0,0.0
1724916840000,59593.93,59593.93,59593.93,59593.93,0.0,1724916899999,0.0,0,0.0,0.0
1724916900000,59654.88,59654.88,59654.88,59654.88,0.00012,1724916959999,7.1585856,1,0.00012,7.1585856
1724916960000,59654.88,59654.88,59654.88,59654.88,0.0,1724917019999,0.0,0,0.0,0.0
1724917020000,59672.79,59672.79,59645.05,59645.05,9e-05,1724917079999,5.3686235,5,2e-05,1.1934558
1724917080000,59628.53,59628.53,59628.53,59628.53,5e-05,1724917139999,2.9814265,2,0.0,0.0
1724917140000,59628.53,59628.53,59628.53,59628.53,0.0,1724917199999,0.0,0,0.0,0.0
1724917200000,59633.0,59633.0,59633.0,59633.0,4e-05,1724917259999,2.38532,1,0.0,0.0
1724917260000,59613.94,59622.2,59613.94,59622.2,6e-05,1724917319999,3.5770016,2,0.0,0.0
1724917320000,59622.2,59622.2,59622.2,59622.2,0.0,1724917379999,0.0,0,0.0,0.0
1724917380000,59622.2,59622.2,59622.2,59622.2,0.0,1724917439999,0.0,0,0.0,0.0
1724917440000,59660.89,59660.89,59617.73,59617.73,0.00234,1724917499999,139.5413207,3,0.00083,49.5185387
1724917500000,59659.76,59660.43,59659.76,59660.41,0.0002,1724917559999,11.9320694,3,0.0002,11.9320694
1724917560000,59660.41,59660.41,59660.41,59660.41,0.0,1724917619999,0.0,0,0.0,0.0
1724917620000,59625.08,59625.08,59625.08,59625.08,2e-05,1724917679999,1.1925016,1,0.0,0.0
1724917680000,59625.08,59625.08,59625.08,59625.08,0.0,1724917739999,0.0,0,0.0,0.0
1724917740000,59625.08,59625.08,59625.08,59625.08,0.0,1724917799999,0.0,0,0.0,0.0
1724917800000,59659.45,59659.45,59571.36,59571.36,0.00318,1724917859999,189.4395675,2,3e-05,1.7897835
1724917860000,59571.36,59571.36,59571.36,59571.36,0.0,1724917919999,0.0,0,0.0,0.0
1724917920000,59594.97,59594.97,59594.97,59594.97,0.00085,1724917979999,50.6557245,1,0.0,0.0
1724917980000,59619.86,59619.86,59619.86,59619.86,0.00167,1724918039999,99.5651662,1,0.0,0.0
1724918040000,59619.86,59619.86,59619.86,59619.86,0.00124,1724918099999,73.9286264,1,0.0,0.0
1724918100000,59619.86,59619.86,59619.86,59619.86,0.0,1724918159999,0.0,0,0.0,0.0
1724918160000,59619.43,59619.43,59619.43,59619.43,2e-05,1724918219999,1.1923886,1,2e-05,1.1923886
1724918220000,59619.43,59619.43,59619.43,59619.43,0.0,1724918279999,0.0,0,0.0,0.0
1724918280000,59619.43,59619.43,59619.43,59619.43,0.0,1724918339999,0.0,0,0.0,0.0
1724918340000,59619.43,59619.43,59619.43,59619.43,0.0,1724918399999,0.0,0,0.0,0.0
1724918400000,59619.43,59619.43,59619.43,59619.43,0.0,1724918459999,0.0,0,0.0,0.0
1724918460000,59556.93,59556.93,59541.31,59541.31,0.10384,1724918519999,6183.133715,3,0.0,0.0
1724918520000,59541.31,59541.31,59541.31,59541.31,0.0,1724918579999,0.0,0,0.0,0.0
1724918580000,59563.96,59563.96,59563.96,59563.96,2e-05,1724918639999,1.1912792,1,2e-05,1.1912792
1724918640000,59561.35,59561.35,59561.35,59561.35,2e-05,1724918699999,1.191227,1,0.0,0.0
1724918700000,59582.69,59582.69,59582.69,59582.69,3e-05,1724918759999,1.7874807,1,3e-05,1.7874807
1724918760000,59527.27,59527.27,59527.27,59527.27,0.00012,1724918819999,7.1432724,1,0.0,0.0
1724918820000,59508.4,59508.4,59481.2,59489.99,0.00367,1724918879999,218.3231025,4,0.00135,80.3114865
1724918880000,59489.97,59490.0,59489.97,59490.0,0.09024,1724918939999,5368.3772649,3,0.09024,5368.3772649
1724918940000,59518.04,59518.04,59518.04,59518.04,0.00271,1724918999999,161.2938884,1,0.0,0.0
1724919000000,59531.91,59531.91,59531.91,59531.91,3e-05,1724919059999,1.7859573,1,3e-05,1.7859573
1724919060000,59519.35,59519.35,59519.35,59519.35,0.00108,1724919119999,64.280898,1,0.00108,64.280898
1724919120000,59519.35,59519.35,59519.35,59519.35,0.0,1724919179999,0.0,0,0.0,0.0
1724919180000,59480.28,59512.97,59480.28,59512.97,0.00105,1724919239999,62.4768501,2,0.00069,41.0639493
1724919240000,59514.0,59514.0,59514.0,59514.0,0.00154,1724919299999,91.65156,1,0.00154,91.65156
1724919300000,59514.0,59514.0,59514.0,59514.0,0.0,1724919359999,0.0,0,0.0,0.0
1724919360000,59514.46,59573.03,59514.46,59572.71,0.00312,1724919419999,185.809465,5,0.00058,34.5510172
1724919420000,59572.71,59572.71,59572.71,59572.71,0.0,1724919479999,0.0,0,0.0,0.0
1724919480000,59572.71,59572.71,59572.71,59572.71,0.0,1724919539999,0.0,0,0.0,0.0
1724919540000,59572.71,59572.71,59572.71,59572.71,0.0,1724919599999,0.0,0,0.0,0.0
1724919600000,59580.18,59580.18,59551.6,59551.6,0.0001,1724919659999,5.9574464,2,8e-05,4.7664144
1724919660000,59499.19,59499.19,59476.33,59476.33,0.00137,1724919719999,81.505103,3,0.00137,81.505103
1724919720000,59452.53,59452.53,59452.53,59452.53,0.00013,1724919779999,7.7288289,1,0.00013,7.7288289
1724919780000,59452.53,59452.53,59452.53,59452.53,0.0,1724919839999,0.0,0,0.0,0.0
1724919840000,59433.53,59433.53,59433.47,59433.47,0.00171,1724919899999,101.6312355,2,0.00171,101.6312355
1724919900000,59433.47,59433.47,59433.47,59433.47,0.0,1724919959999,0.0,0,0.0,0.0
1724919960000,59433.47,59433.47,59433.47,59433.47,0.0,1724920019999,0.0,0,0.0,0.0
1724920020000,59433.47,59433.47,59433.47,59433.47,0.0,1724920079999,0.0,0,0.0,0.0
1724920080000,59433.47,59433.47,59433.47,59433.47,0.0,1724920139999,0.0,0,0.0,0.0
1724920140000,59433.47,59433.47,59433.47,59433.47,0.0,1724920199999,0.0,0,0.0,0.0
1724920200000,59433.47,59433.47,59433.47,59433.47,0.0,1724920259999,0.0,0,0.0,0.0
1724920260000,59513.68,59513.68,59513.68,59513.68,2e-05,1724920319999,1.1902736,1,2e-05,1.1902736
1724920320000,59504.09,59504.09,59433.47,59433.47,0.00053,1724920379999,31.5096259,2,0.00014,8.3305726
1724920380000,59433.47,59433.47,59433.47,59433.47,0.0,1724920439999,0.0,0,0.0,0.0
1724920440000,59433.47,59433.47,59433.47,59433.47,0.0,1724920499999,0.0,0,0.0,0.0
1724920500000,59433.47,59433.47,59433.47,59433.47,0.0,1724920559999,0.0,0,0.0,0.0
1724920560000,59433.47,59433.47,59433.47,59433.47,0.0,1724920619999,0.0,0,0.0,0.0
1724920620000,59433.47,59433.47,59433.47,59433.47,0.0,1724920679999,0.0,0,0.0,0.0
1724920680000,59433.47,59433.47,59433.47,59433.47,0.0,1724920739999,0.0,0,0.0,0.0
1724920740000,59525.09,59525.09,59525.09,59525.09,2e-05,1724920799999,1.1905018,1,2e-05,1.1905018
1724920800000,59525.09,59525.09,59525.09,59525.09,0.0,1724920859999,0.0,0,0.0,0.0
1724920860000,59525.09,59525.09,59525.09,59525.09,0.0,1724920919999,0.0,0,0.0,0.0
1724920920000,59478.22,59528.99,59478.22,59528.99,0.00223,1724920979999,132.7478633,3,0.00221,131.5582989
1724920980000,59528.99,59528.99,59528.99,59528.99,0.0,1724921039999,0.0,0,0.0,0.0
1724921040000,59528.99,59528.99,59528.99,59528.99,0.0,1724921099999,0.0,0,0.0,0.0
1724921100000,59492.64,59492.64,59488.09,59488.09,6e-05,1724921159999,3.5693764,2,0.0,0.0
1724921160000,59488.35,59488.36,59488.35,59488.36,0.00368,1724921219999,218.9171282,3,0.00185,110.0534477
1724921220000,59488.28,59488.28,59488.28,59488.28,2e-05,1724921279999,1.1897656,1,0.0,0.0
1724921280000,59488.28,59488.28,59488.28,59488.28,0.0,1724921339999,0.0,0,0.0,0.0
1724921340000,59488.28,59488.28,59488.28,59488.28,0.00039,1724921399999,23.2004292,1,0.00039,23.2004292
1724921400000,59488.28,59488.28,59488.28,59488.28,0.0,1724921459999,0.0,0,0.0,0.0
1724921460000,59488.28,59488.28,59488.28,59488.28,0.0,1724921519999,0.0,0,0.0,0.0
1724921520000,59488.28,59488.28,59488.28,59488.28,0.0,1724921579999,0.0,0,0.0,0.0
1724921580000,59488.28,59488.28,59488.28,59488.28,0.0,1724921639999,0.0,0,0.0,0.0
1724921640000,59501.48,59501.48,59501.48,59501.48,0.00013,1724921699999,7.7351924,1,0.0,0.0
1724921700000,59514.31,59514.31,59514.31,59514.31,2e-05,1724921759999,1.1902862,1,0.0,0.0
1724921760000,59514.17,59514.17,59514.17,59514.17,3e-05,1724921819999,1.7854251,1,0.0,0.0
1724921820000,59545.15,59545.15,59545.15,59545.15,0.00043,1724921879999,25.6044145,2,0.00043,25.6044145
1724921880000,59545.15,59545.15,59545.15,59545.15,0.0,1724921939999,0.0,0,0.0,0.0
1724921940000,59560.99,59560.99,59560.99,59560.99,0.00118,1724921999999,70.2819682,2,0.00118,70.2819682
1724922000000,59572.89,59572.89,59572.89,59572.89,0.00167,1724922059999,99.4867263,1,0.00167,99.4867263
1724922060000,59576.14,59623.51,59576.14,59623.51,0.00055,1724922119999,32.7919831,2,0.00053,31.6004603
1724922120000,59614.2,59654.87,59614.2,59654.87,0.01414,1724922179999,843.4693718,5,0.0141,841.0839904
1724922180000,59654.88,59704.38,59654.88,59704.38,0.00309,1724922239999,184.4488706,6,0.00309,184.4488706
1724922240000,59663.6,59663.6,59663.6,59663.6,2e-05,1724922299999,1.193272,1,0.0,0.0
1724922300000,59638.25,59638.25,59638.25,59638.25,6e-05,1724922359999,3.578295,1,0.0,0.0
1724922360000,59626.05,59661.97,59626.05,59661.97,0.00027,1724922419999,16.1074675,3,2e-05,1.1926934
1724922420000,59662.28,59662.28,59656.51,59656.51,0.00168,1724922479999,100.2254546,3,0.0,0.0
1724922480000,59657.39,59657.39,59655.11,59655.11,0.00014,1724922539999,8.351761,2,0.0,0.0
1724922540000,59655.11,59655.11,59655.11,59655.11,0.0,1724922599999,0.0,0,0.0,0.0
1724922600000,59679.95,59690.16,59679.95,59690.16,0.00304,1724922659999,181.4578822,2,0.0,0.0
1724922660000,59690.16,59690.16,59690.16,59690.16,0.0,1724922719999,0.0,0,0.0,0.0
1724922720000,59690.16,59690.16,59690.16,59690.16,0.0,1724922779999,0.0,0,0.0,0.0
1724922780000,59690.16,59690.16,59690.16,59690.16,0.0,1724922839999,0.0,0,0.0,0.0
1724922840000,59690.16,59690.16,59690.16,59690.16,0.0,1724922899999,0.0,0,0.0,0.0
1724922900000,59690.16,59690.16,59690.16,59690.16,0.0,1724922959999,0.0,0,0.0,0.0
1724922960000,59690.16,59690.16,59690.16,59690.16,0.0,1724923019999,0.0,0,0.0,0.0
1724923020000,59689.2,59689.2,59689.2,59689.2,0.00854,1724923079999,509.745768,1,0.00854,509.745768
1724923080000,59628.4,59628.4,59628.4,59628.4,0.00016,1724923139999,9.540544,1,0.0,0.0
1724923140000,59628.4,59628.4,59628.4,59628.4,0.0,1724923199999,0.0,0,0.0,0.0
1724923200000,59628.9,59628.9,59628.9,59628.9,3e-05,1724923259999,1.788867,1,0.0,0.0
1724923260000,59628.9,59628.9,59628.9,59628.9,0.0,1724923319999,0.0,0,0.0,0.0
1724923320000,59628.9,59628.9,59628.9,59628.9,0.0,1724923379999,0.0,0,0.0,0.0
1724923380000,59628.9,59628.9,59628.9,59628.9,0.0,1724923439999,0.0,0,0.0,0.0
1724923440000,59628.9,59628.9,59628.9,59628.9,0.0,1724923499999,0.0,0,0.0,0.0
1724923500000,59628.9,59628.9,59628.9,59628.9,0.0,1724923559999,0.0,0,0.0,0.0
1724923560000,59686.51,59686.51,59686.51,59686.51,2e-05,1724923619999,1.1937302,1,2e-05,1.1937302
1724923620000,59686.51,59686.51,59686.51,59686.51,0.0,1724923679999,0.0,0,0.0,0.0
1724923680000,59725.23,59730.02,59724.37,59730.02,0.00068,1724923739999,40.6141999,4,0.0,0.0
1724923740000,59732.51,59733.37,59732.51,59733.37,0.00033,1724923799999,19.7118143,2,0.0,0.0
1724923800000,59738.11,59774.11,59738.11,59774.11,0.26554,1724923859999,15871.3268077,8,0.26554,15871.3268077
1724923860000,59725.08,59725.08,59725.08,59725.08,2e-05,1724923919999,1.1945016,1,0.0,0.0
1724923920000,59725.08,59725.08,59725.08,59725.08,0.0,1724923979999,0.0,0,0.0,0.0
1724923980000,59692.92,59692.92,59692.92,59692.92,3e-05,1724924039999,1.7907876,1,0.0,0.0
1724924040000,59692.92,59692.92,59692.92,59692.92,0.0,1724924099999,0.0,0,0.0,0.0
1724924100000,59692.92,59692.92,59692.92,59692.92,0.0,1724924159999,0.0,0,0.0,0.0
1724924160000,59720.09,59755.02,59720.09,59755.02,0.00282,1724924219999,168.4958893,6,2e-05,1.1944018
1724924220000,59754.44,59754.44,59754.44,59754.44,2e-05,1724924279999,1.1950888,1,0.0,0.0
1724924280000,59754.44,59754.44,59754.44,59754.44,0.0,1724924339999,0.0,0,0.0,0.0
1724924340000,59757.05,59757.05,59757.05,59757.05,0.0003,1724924399999,17.927115,1,0.0003,17.927115
1724924400000,59757.06,59757.06,59757.06,59757.06,0.00013,1724924459999,7.7684178,1,0.00013,7.7684178
1724924460000,59704.2,59704.2,59704.2,59704.2,3e-05,1724924519999,1.791126,1,0.0,0.0
1724924520000,59704.2,59704.2,59704.2,59704.2,0.0,1724924579999,0.0,0,0.0,0.0
1724924580000,59704.2,59704.2,59704.2,59704.2,0.0,1724924639999,0.0,0,0.0,0.0
1724924640000,59704.2,59704.2,59704.2,59704.2,0.0,1724924699999,0.0,0,0.0,0.0
1724924700000,59704.2,59704.2,59704.2,59704.2,0.0,1724924759999,0.0,0,0.0,0.0
1724924760000,59712.31,59712.31,59712.31,59712.31,2e-05,1724924819999,1.1942462,1,0.0,0.0
1724924820000,59692.92,59692.92,59692.92,59692.92,2e-05,1724924879999,1.1938584,1,0.0,0.0
1724924880000,59692.92,59692.92,59692.92,59692.92,0.0,1724924939999,0.0,0,0.0,0.0
1724924940000,59692.92,59692.92,59692.92,59692.92,0.0,1724924999999,0.0,0,0.0,0.0
1724925000000,59692.94,59692.94,59692.92,59692.92,0.0011,1724925059999,65.662221,2,0.0,0.0
1724925060000,59682.88,59682.88,59682.78,59682.78,0.0034,1724925119999,202.921505,3,0.00287,171.2895786
1724925120000,59682.78,59682.78,59682.78,59682.78,0.0,1724925179999,0.0,0,0.0,0.0
1724925180000,59682.78,59682.78,59682.78,59682.78,0.0,1724925239999,0.0,0,0.0,0.0
1724925240000,59668.02,59668.02,59667.99,59667.99,0.00041,1724925299999,24.4638843,2,0.00041,24.4638843
1724925300000,59645.62,59645.62,59645.62,59645.62,0.01567,1724925359999,934.6468654,1,0.01567,934.6468654
1724925360000,59642.92,59642.92,59642.92,59642.92,0.00254,1724925419999,151.4930168,1,0.00254,151.4930168
1724925420000,59642.92,59642.92,59642.92,59642.92,0.0,1724925479999,0.0,0,0.0,0.0
1724925480000,59642.92,59642.92,59642.92,59642.92,0.0,1724925539999,0.0,0,0.0,0.0
1724925540000,59642.92,59642.92,59642.92,59642.92,0.0,1724925599999,0.0,0,0.0,0.0
1724925600000,59642.92,59642.92,59642.92,59642.92,0.00033,1724925659999,19.6821636,1,0.0,0.0
1724925660000,59645.77,59645.77,59645.77,59645.77,2e-05,1724925719999,1.1929154,1,2e-05,1.1929154
1724925720000,59645.77,59645.77,59645.77,59645.77,0.0,1724925779999,0.0,0,0.0,0.0
1724925780000,59652.54,59652.54,59605.28,59605.28,0.00077,1724925839999,45.9282398,3,0.00041,24.4575414
1724925840000,59605.28,59605.28,59605.28,59605.28,0.0,1724925899999,0.0,0,0.0,0.0
1724925900000,59621.98,59663.28,59621.98,59663.27,0.00177,1724925959999,105.5346211,3,9e-05,5.3696947
1724925960000,59663.27,59689.25,59663.27,59689.25,5e-05,1724926019999,2.9836831,2,2e-05,1.193785
1724926020000,59741.51,59741.51,59741.51,59741.51,2e-05,1724926079999,1.1948302,1,0.0,0.0
1724926080000,59724.62,59779.89,59714.41,59779.89,0.00399,1724926139999,238.5141433,7,0.00067,40.0525263
1724926140000,59782.49,59787.5,59782.49,59787.5,0.00202,1724926199999,120.7701452,3,0.00202,120.7701452
1724926200000,59720.85,59720.85,59714.41,59714.41,0.00043,1724926259999,25.6774539,2,0.0,0.0
1724926260000,59691.76,59691.76,59691.76,59691.76,4e-05,1724926319999,2.3876704,1,0.0,0.0
1724926320000,59768.56,59791.7,59768.56,59788.2,0.00355,1724926379999,212.2490278,7,0.00344,205.672902
1724926380000,59788.2,59788.2,59788.2,59788.2,0.0,1724926439999,0.0,0,0.0,0.0
1724926440000,59765.95,59800.0,59765.95,59783.67,0.0018,1724926499999,107.6050135,9,0.00033,19.7325014
1724926500000,59781.53,59781.53,59766.98,59766.98,0.0002,1724926559999,11.9557057,3,0.0,0.0
1724926560000,59732.15,59732.15,59729.69,59729.69,5e-05,1724926619999,2.9865337,2,0.0,0.0
1724926620000,59729.69,59729.69,59729.69,59729.69,0.0,1724926679999,0.0,0,0.0,0.0
1724926680000,59720.02,59720.02,59705.33,59705.33,8e-05,1724926739999,4.7767202,2,0.0,0.0
1724926740000,59713.37,59750.26,59713.37,59750.26,0.00016,1724926799999,9.5593038,2,0.00016,9.5593038
1724926800000,59750.26,59750.26,59750.26,59750.26,0.0,1724926859999,0.0,0,0.0,0.0
1724926860000,59768.46,59768.46,59753.13,59753.13,0.00167,1724926919999,99.7881531,5,0.0,0.0
1724926920000,59744.92,59744.92,59744.77,59744.77,0.00167,1724926979999,99.7737689,2,0.0,0.0
1724926980000,59744.77,59744.77,59744.77,59744.77,0.0,1724927039999,0.0,0,0.0,0.0
1724927040000,59784.91,59784.91,59784.91,59784.91,0.00146,1724927099999,87.2859686,1,0.0,0.0
1724927100000,59793.82,59808.44,59793.82,59804.21,0.00238,1724927159999,142.3406277,8,0.00191,114.2338327
1724927160000,59804.21,59804.21,59804.21,59804.21,0.0,1724927219999,0.0,0,0.0,0.0
1724927220000,59804.21,59804.21,59804.21,59804.21,0.0,1724927279999,0.0,0,0.0,0.0
1724927280000,59804.21,59804.21,59804.21,59804.21,0.0,1724927339999,0.0,0,0.0,0.0
1724927340000,59804.21,59804.21,59804.21,59804.21,0.0,1724927399999,0.0,0,0.0,0.0
1724927400000,59804.21,59804.21,59804.21,59804.21,0.0,1724927459999,0.0,0,0.0,0.0
1724927460000,59804.21,59804.21,59804.21,59804.21,0.0,1724927519999,0.0,0,0.0,0.0
1724927520000,59804.21,59804.21,59804.21,59804.21,0.0,1724927579999,0.0,0,0.0,0.0
1724927580000,59804.21,59804.21,59804.21,59804.21,0.0,1724927639999,0.0,0,0.0,0.0
1724927640000,59761.2,59761.26,59761.2,59761.26,0.09754,1724927699999,5829.1109004,2,0.09754,5829.1109004
1724927700000,59761.09,59761.09,59761.09,59761.09,4e-05,1724927759999,2.3904436,1,4e-05,2.3904436
1724927760000,59761.26,59761.26,59761.26,59761.26,2e-05,1724927819999,1.1952252,1,2e-05,1.1952252
1724927820000,59730.97,59730.97,59730.97,59730.97,0.0042,1724927879999,250.870074,1,0.0,0.0
1724927880000,59730.97,59730.97,59730.97,59730.97,0.0,1724927939999,0.0,0,0.0,0.0
1724927940000,59730.97,59730.97,59730.97,59730.97,0.0,1724927999999,0.0,0,0.0,0.0
1724928000000,59654.88,59654.88,59654.88,59654.88,0.00012,1724928059999,7.1585856,1,0.0,0.0
1724928060000,59654.88,59654.88,59654.88,59654.88,0.0,1724928119999,0.0,0,0.0,0.0
1724928120000,59693.92,59693.92,59693.79,59693.79,0.0006,1724928179999,35.8162766,2,0.0006,35.8162766
1724928180000,59693.79,59693.79,59693.79,59693.79,0.0,1724928239999,0.0,0,0.0,0.0
1724928240000,59693.79,59693.79,59693.79,59693.79,0.0,1724928299999,0.0,0,0.0,0.0
1724928300000,59665.9,59665.9,59665.9,59665.9,3e-05,1724928359999,1.789977,1,0.0,0.0
1724928360000,59665.9,59665.9,59665.9,59665.9,0.0,1724928419999,0.0,0,0.0,0.0
1724928420000,59665.9,59665.9,59665.9,59665.9,0.0,1724928479999,0.0,0,0.0,0.0
1724928480000,59648.17,59648.17,59648.17,59648.17,2e-05,1724928539999,1.1929634,1,0.0,0.0
1724928540000,59648.17,59648.17,59648.17,59648.17,0.0,1724928599999,0.0,0,0.0,0.0
1724928600000,59648.17,59648.17,59648.17,59648.17,0.0,1724928659999,0.0,0,0.0,0.0
1724928660000,59649.94,59649.94,59649.94,59649.94,0.00057,1724928719999,34.0004658,1,0.0,0.0
1724928720000,59651.18,59651.18,59651.18,59651.18,2e-05,1724928779999,1.1930236,1,0.0,0.0
1724928780000,59651.18,59651.18,59651.18,59651.18,0.0,1724928839999,0.0,0,0.0,0.0
1724928840000,59652.41,59652.41,59652.41,59652.41,0.00016,1724928899999,9.5443856,1,0.0,0.0
1724928900000,59652.41,59652.41,59652.41,59652.41,0.0,1724928959999,0.0,0,0.0,0.0
1724928960000,59704.54,59704.54,59704.54,59704.54,2e-05,1724929019999,1.1940908,1,2e-05,1.1940908
1724929020000,59704.54,59704.54,59704.54,59704.54,0.0,1724929079999,0.0,0,0.0,0.0
1724929080000,59704.54,59704.54,59704.54,59704.54,0.00018,1724929139999,10.7468172,1,0.0,0.0
1724929140000,59704.54,59704.54,59704.54,59704.54,0.00717,1724929199999,428.0815518,1,0.0,0.0
1724929200000,59703.68,59703.68,59703.68,59703.68,3e-05,1724929259999,1.7911104,1,3e-05,1.7911104
1724929260000,59703.68,59703.68,59703.68,59703.68,0.0,1724929319999,0.0,0,0.0,0.0
1724929320000,59703.68,59703.68,59703.68,59703.68,0.0,1724929379999,0.0,0,0.0,0.0
1724929380000,59661.62,59661.62,59661.54,59661.54,0.00026,1724929439999,15.512014,7,0.00026,15.512014
1724929440000,59661.54,59661.54,59661.54,59661.54,0.0,1724929499999,0.0,0,0.0,0.0
1724929500000,59689.14,59689.14,59689.14,59689.14,5e-05,1724929559999,2.984457,1,5e-05,2.984457
1724929560000,59679.48,59679.48,59679.48,59679.48,7e-05,1724929619999,4.1775636,1,0.0,0.0
1724929620000,59703.68,59703.68,59703.68,59703.68,0.05863,1724929679999,3500.4267584,5,0.05863,3500.4267584
1724929680000,59695.79,59748.05,59695.79,59748.04,0.00044,1724929739999,26.2760753,6,0.00019,11.3521278
1724929740000,59748.04,59748.04,59748.01,59748.01,0.00187,1724929799999,111.7287793,3,0.00187,111.7287793
1724929800000,59736.9,59736.9,59736.9,59736.9,0.00195,1724929859999,116.486955,1,0.00195,116.486955
1724929860000,59736.9,59736.9,59736.9,59736.9,0.0,1724929919999,0.0,0,0.0,0.0
1724929920000,59736.9,59736.9,59736.9,59736.9,0.0,1724929979999,0.0,0,0.0,0.0
1724929980000,59752.82,59752.82,59752.82,59752.82,0.00812,1724930039999,485.1928984,1,0.0,0.0
1724930040000,59762.67,59801.35,59762.67,59801.34,0.0404,1724930099999,2414.6322671,14,0.00576,344.4533783
1724930100000,59801.34,59801.34,59801.34,59801.34,0.0,1724930159999,0.0,0,0.0,0.0
1724930160000,59789.19,59789.19,59759.0,59786.82,0.00768,1724930219999,458.9566987,4,2e-05,1.1957364
1724930220000,59786.82,59786.82,59786.82,59786.82,0.0,1724930279999,0.0,0,0.0,0.0
1724930280000,59804.19,59814.27,59804.19,59814.27,5e-05,1724930339999,2.9905119,2,5e-05,2.9905119
1724930340000,59831.66,59877.19,59831.66,59877.19,0.01733,1724930399999,1037.2991915,21,0.01176,703.862115
1724930400000,59866.74,59866.74,59866.04,59866.04,0.00015,1724930459999,8.97992,2,0.0,0.0
1724930460000,59865.93,59894.76,59865.92,59894.76,0.00683,1724930519999,409.0004003,8,0.00195,116.786455
1724930520000,59883.48,59915.07,59883.48,59915.07,0.00473,1724930579999,283.3592472,13,0.00334,200.0821924
1724930580000,59918.17,59945.58,59910.2,59942.5,0.0232,1724930639999,1390.3940634,16,0.0149,892.9588621
1724930640000,59956.27,59994.99,59956.27,59988.44,0.02267,1724930699999,1359.644902,20,0.01743,1045.3143331
1724930700000,59939.05,59971.92,59939.05,59971.92,0.00016,1724930759999,9.5925489,2,7e-05,4.1980344
1724930760000,59883.48,59922.86,59883.48,59922.86,0.00011,1724930819999,6.5879704,3,2e-05,1.1984572
1724930820000,59951.92,59951.92,59939.26,59939.26,4e-05,1724930879999,2.3978236,2,0.0,0.0
1724930880000,59917.11,59917.11,59891.85,59891.85,0.00028,1724930939999,16.7704758,2,0.0,0.0
1724930940000,59891.85,59891.85,59891.85,59891.85,0.0,1724930999999,0.0,0,0.0,0.0
1724931000000,59971.92,59991.01,59971.92,59991.01,0.00701,1724931059999,420.5050944,3,0.00701,420.5050944
1724931060000,59955.3,59966.1,59955.3,59966.1,8e-05,1724931119999,4.796641,3,2e-05,1.199107
1724931120000,59968.15,59983.28,59968.15,59983.28,0.00339,1724931179999,203.3050403,2,0.0,0.0
1724931180000,59999.98,60023.22,59996.75,60023.22,0.35241,1724931239999,21144.6765059,17,0.34774,20864.4280402
1724931240000,60023.23,60080.0,60013.68,60066.83,0.03877,1724931299999,2327.3033354,21,0.00343,205.9645304
1724931300000,60085.63,60125.28,60085.63,60125.28,0.04054,1724931359999,2436.7056441,15,0.03528,2120.5380477
1724931360000,60123.13,60149.36,60123.13,60141.39,0.01086,1724931419999,653.1692363,10,0.00587,353.0424714
1724931420000,60095.58,60095.58,60074.57,60074.57,4e-05,1724931479999,2.403403,2,0.0,0.0
1724931480000,60086.53,60086.53,60086.53,60086.53,2e-05,1724931539999,1.2017306,1,0.0,0.0
1724931540000,60086.53,60086.53,60086.53,60086.53,0.0,1724931599999,0.0,0,0.0,0.0
1724931600000,60101.95,60101.95,60101.95,60101.95,0.00034,1724931659999,20.434663,1,0.00034,20.434663
1724931660000,60101.49,60101.5,60069.54,60079.41,0.0071,1724931719999,426.7195645,4,0.00708,425.5181737
1724931720000,60079.41,60079.41,60079.41,60079.41,0.0,1724931779999,0.0,0,0.0,0.0
1724931780000,60079.41,60079.41,60079.41,60079.41,0.0,1724931839999,0.0,0,0.0,0.0
1724931840000,60124.67,60154.4,60124.67,60154.4,0.00721,1724931899999,433.5963681,5,0.0004,24.06176
1724931900000,60149.38,60217.54,60149.38,60217.54,0.02728,1724931959999,1642.0744827,18,0.01421,855.209489
1724931960000,60217.55,60378.0,60210.24,60378.0,0.11483,1724932019999,6921.9761942,54,0.0644,3882.8205017
1724932020000,60349.94,60436.14,60349.94,60414.58,0.0293,1724932079999,1770.1234802,27,0.01918,1158.739155
1724932080000,60399.42,60399.42,60398.98,60398.98,3e-05,1724932139999,1.8119782,2,0.0,0.0
1724932140000,60402.36,60447.36,60402.36,60439.8,0.03344,1724932199999,2020.8868517,9,0.00056,33.8498496
1724932200000,60378.89,60398.78,60378.89,60398.78,0.00034,1724932259999,20.5335962,2,0.00024,14.4957072
1724932260000,60346.18,60346.18,60346.18,60346.18,2e-05,1724932319999,1.2069236,1,2e-05,1.2069236
1724932320000,60292.93,60292.93,60260.45,60260.45,0.00168,1724932379999,101.2414566,3,0.0,0.0
1724932380000,60260.45,60260.45,60260.45,60260.45,0.0,1724932439999,0.0,0,0.0,0.0
1724932440000,60292.93,60292.93,60292.93,60292.93,0.00033,1724932499999,19.8966669,1,0.00033,19.8966669
1724932500000,60225.82,60249.08,60165.32,60197.15,0.00502,1724932559999,302.2158861,7,0.00435,261.8718467
1724932560000,60197.15,60197.15,60197.15,60197.15,0.0,1724932619999,0.0,0,0.0,0.0
1724932620000,60181.59,60181.59,60158.89,60158.89,0.00044,1724932679999,26.4754096,3,0.00044,26.4754096
1724932680000,60158.89,60158.89,60158.89,60158.89,0.0,1724932739999,0.0,0,0.0,0.0
1724932740000,60158.86,60158.86,60081.36,60125.8,0.00236,1724932799999,141.8323643,7,0.00052,31.2690118
1724932800000,60121.1,60121.1,60036.73,60059.17,0.04921,1724932859999,2957.7435567,17,0.04812,2892.2876943
1724932860000,60081.23,60081.23,60081.23,60081.23,2e-05,1724932919999,1.2016246,1,2e-05,1.2016246
1724932920000,60081.23,60081.23,60081.23,60081.23,0.0,1724932979999,0.0,0,0.0,0.0
1724932980000,60150.91,60150.91,60150.91,60150.91,4e-05,1724933039999,2.4060364,1,0.0,0.0
1724933040000,60150.91,60150.91,60150.91,60150.91,0.0,1724933099999,0.0,0,0.0,0.0
1724933100000,60128.72,60128.72,60128.72,60128.72,3e-05,1724933159999,1.8038616,1,0.0,0.0
1724933160000,60087.47,60087.47,60087.47,60087.47,0.00166,1724933219999,99.7452002,1,0.00166,99.7452002
1724933220000,60087.47,60087.47,60087.47,60087.47,0.0,1724933279999,0.0,0,0.0,0.0
1724933280000,60087.47,60087.47,60087.47,60087.47,0.00104,1724933339999,62.4909688,2,0.0,0.0
1724933340000,60037.41,60037.41,60037.41,60037.41,0.00107,1724933399999,64.2400287,1,0.0,0.0
1724933400000,60085.63,60141.33,60085.63,60141.33,0.00467,1724933459999,280.6372111,2,0.00067,40.2946911
1724933460000,60080.99,60080.99,60080.98,60080.98,0.00307,1724933519999,184.4486163,4,0.0,0.0
1724933520000,60141.14,60141.14,60141.14,60141.14,2e-05,1724933579999,1.2028228,1,2e-05,1.2028228
1724933580000,60141.14,60141.14,60141.14,60141.14,0.0,1724933639999,0.0,0,0.0,0.0
1724933640000,60121.52,60121.52,60121.5,60121.5,0.00171,1724933699999,102.8077982,2,0.00171,102.8077982
1724933700000,60121.5,60121.5,60121.5,60121.5,0.0,1724933759999,0.0,0,0.0,0.0
1724933760000,60104.29,60104.29,60104.29,60104.29,2e-05,1724933819999,1.2020858,1,2e-05,1.2020858
1724933820000,60129.43,60129.43,60129.43,60129.43,2e-05,1724933879999,1.2025886,1,2e-05,1.2025886
1724933880000,60128.05,60128.05,60128.05,60128.05,5e-05,1724933939999,3.0064025,1,5e-05,3.0064025
1724933940000,60128.05,60128.05,60128.05,60128.05,0.0,1724933999999,0.0,0,0.0,0.0
1724934000000,60128.05,60128.05,60128.05,60128.05,6e-05,1724934059999,3.607683,1,6e-05,3.607683
1724934060000,60127.97,60128.05,60127.92,60128.05,0.00019,1724934119999,11.424324,3,0.00019,11.424324
1724934120000,60128.05,60142.0,60128.05,60142.0,0.01317,1724934179999,791.9422185,2,0.01317,791.9422185
1724934180000,60165.32,60165.32,60165.32,60165.32,0.00012,1724934239999,7.2198384,1,0.00012,7.2198384
1724934240000,60165.32,60165.32,60165.32,60165.32,0.0,1724934299999,0.0,0,0.0,0.0
1724934300000,60165.32,60165.32,60165.32,60165.32,0.0,1724934359999,0.0,0,0.0,0.0
1724934360000,60199.35,60199.35,60199.35,60199.35,5e-05,1724934419999,3.0099675,1,0.0,0.0
1724934420000,60199.35,60225.82,60199.35,60225.82,0.00057,1724934479999,34.328188,2,0.00055,33.124201
1724934480000,60225.83,60225.83,60225.83,60225.83,0.00201,1724934539999,121.0539183,1,0.0,0.0
1724934540000,60225.83,60225.83,60225.83,60225.83,0.0,1724934599999,0.0,0,0.0,0.0
1724934600000,60225.87,60292.93,60225.83,60225.83,0.34271,1724934659999,20640.3903548,9,0.01612,971.2359516
1724934660000,60199.35,60199.35,60053.06,60053.06,0.02845,1724934719999,1708.6883548,5,0.0,0.0
1724934720000,60292.93,60305.37,60271.87,60271.87,0.00098,1724934779999,59.0832458,4,0.00012,7.2351516
1724934780000,60271.87,60271.87,60271.87,60271.87,0.00059,1724934839999,35.5604033,2,0.0,0.0
1724934840000,60271.87,60271.87,60271.87,60271.87,0.0,1724934899999,0.0,0,0.0,0.0
1724934900000,60246.55,60271.87,60232.72,60271.87,0.02998,1724934959999,1806.8901439,3,0.02836,1709.3102332
1724934960000,60271.87,60271.87,60271.87,60271.87,0.0,1724935019999,0.0,0,0.0,0.0
1724935020000,60222.44,60229.91,60222.44,60229.91,0.00624,1724935079999,375.8215906,4,0.0,0.0
1724935080000,60273.12,60299.87,60273.12,60299.87,0.00353,1724935139999,212.7721326,3,0.0,0.0
1724935140000,60295.3,60295.3,60295.3,60295.3,0.00041,1724935199999,24.721073,1,0.0,0.0
1724935200000,60313.11,60331.88,60313.11,60331.88,0.00195,1724935259999,117.6242519,3,0.0,0.0
1724935260000,60349.55,60477.76,60349.55,60466.84,0.01046,1724935319999,632.0278134,17,0.00444,268.4063828
1724935320000,60423.01,60435.77,60385.76,60385.76,0.00631,1724935379999,381.2702005,4,0.0,0.0
1724935380000,60369.71,60369.71,60354.93,60354.93,0.00319,1724935439999,192.5335569,2,0.0,0.0
1724935440000,60360.31,60360.31,60360.31,60360.31,0.00046,1724935499999,27.7657426,1,0.0,0.0
1724935500000,60363.33,60363.33,60351.01,60351.01,0.00197,1724935559999,118.8925985,2,0.0,0.0
1724935560000,60384.67,60384.67,60310.61,60310.61,5e-05,1724935619999,3.0177523,2,3e-05,1.8115401
1724935620000,60347.35,60347.35,60284.33,60284.33,0.00191,1724935679999,115.1859239,2,0.00068,41.036198
1724935680000,60268.95,60268.95,60268.95,60268.95,0.00099,1724935739999,59.6662605,1,0.0,0.0
1724935740000,60328.09,60328.09,60328.09,60328.09,0.00161,1724935799999,97.1282249,1,0.00161,97.1282249
1724935800000,60328.16,60336.2,60328.16,60336.19,0.00436,1724935859999,263.0619534,3,0.00388,234.1044366
1724935860000,60354.15,60354.15,60306.46,60306.46,0.00242,1724935919999,145.9559402,2,0.0003,18.106245
1724935920000,60325.66,60325.66,60325.66,60325.66,0.00125,1724935979999,75.407075,1,0.0,0.0
1724935980000,60385.3,60385.3,60385.3,60385.3,0.00053,1724936039999,32.004209,1,0.00053,32.004209
1724936040000,60385.3,60385.3,60385.3,60385.3,0.0,1724936099999,0.0,0,0.0,0.0
1724936100000,60300.0,60300.0,60300.0,60300.0,0.04485,1724936159999,2704.455,32,0.0,0.0
1724936160000,60335.94,60335.95,60256.52,60256.52,0.1445,1724936219999,8713.4261752,20,0.0027,162.9070456
1724936220000,60256.52,60256.52,60256.52,60256.52,0.0,1724936279999,0.0,0,0.0,0.0
1724936280000,60256.52,60256.52,60256.52,60256.52,0.0,1724936339999,0.0,0,0.0,0.0
1724936340000,60256.52,60256.52,60256.52,60256.52,0.0,1724936399999,0.0,0,0.0,0.0
1724936400000,60356.7,60356.7,60356.7,60356.7,4e-05,1724936459999,2.414268,1,4e-05,2.414268
1724936460000,60372.14,60372.14,60372.13,60372.13,6e-05,1724936519999,3.6223281,2,6e-05,3.6223281
1724936520000,60372.13,60372.13,60372.13,60372.13,0.0,1724936579999,0.0,0,0.0,0.0
1724936580000,60422.5,60427.69,60414.91,60414.91,0.00075,1724936639999,45.3191108,4,0.00027,16.3140752
1724936640000,60414.91,60414.91,60414.91,60414.91,0.0,1724936699999,0.0,0,0.0,0.0
1724936700000,60406.48,60406.48,60376.04,60376.04,0.00499,1724936759999,301.4242614,3,0.0,0.0
1724936760000,60364.86,60364.86,60364.86,60364.86,3e-05,1724936819999,1.8109458,1,0.0,0.0
1724936820000,60364.86,60364.86,60364.86,60364.86,0.0,1724936879999,0.0,0,0.0,0.0
1724936880000,60364.86,60364.86,60364.86,60364.86,0.0,1724936939999,0.0,0,0.0,0.0
1724936940000,60364.86,60364.86,60364.86,60364.86,0.0,1724936999999,0.0,0,0.0,0.0
1724937000000,60305.71,60358.72,60305.71,60358.72,0.0002,1724937059999,12.0701537,2,0.00017,10.2609824
1724937060000,60358.72,60358.72,60358.72,60358.72,0.0,1724937119999,0.0,0,0.0,0.0
1724937120000,60374.28,60391.5,60374.28,60391.5,0.07032,1724937179999,4245.519714,2,2e-05,1.20783
1724937180000,60391.5,60391.5,60391.5,60391.5,0.0,1724937239999,0.0,0,0.0,0.0
1724937240000,60386.14,60440.45,60386.14,60440.45,0.00168,1724937299999,101.5388698,2,0.00166,100.331147
1724937300000,60382.24,60416.77,60382.24,60416.77,0.00669,1724937359999,404.0055276,3,0.0014,84.583478
1724937360000,60358.18,60416.75,60357.56,60416.75,0.00188,1724937419999,113.5639697,3,0.00155,93.6459625
1724937420000,60383.33,60383.33,60383.33,60383.33,0.00236,1724937479999,142.5046588,1,0.0,0.0
1724937480000,60416.06,60416.06,60416.06,60416.06,0.00074,1724937539999,44.7078844,1,0.00074,44.7078844
1724937540000,60291.8,60291.8,60291.8,60291.8,0.0007,1724937599999,42.20426,1,0.0,0.0
1724937600000,60328.09,60328.09,60328.07,60328.07,0.00241,1724937659999,145.3906735,4,0.0,0.0
1724937660000,60334.81,60334.81,60334.81,60334.81,3e-05,1724937719999,1.8100443,1,0.0,0.0
1724937720000,60334.81,60334.81,60334.81,60334.81,0.0,1724937779999,0.0,0,0.0,0.0
1724937780000,60337.16,60337.16,60337.16,60337.16,2e-05,1724937839999,1.2067432,1,0.0,0.0
1724937840000,60337.16,60337.16,60337.16,60337.16,0.0,1724937899999,0.0,0,0.0,0.0
1724937900000,60337.16,60337.16,60337.16,60337.16,0.0,1724937959999,0.0,0,0.0,0.0
1724937960000,60225.82,60225.82,60216.49,60216.49,0.00847,1724938019999,510.0388018,12,0.0,0.0
1724938020000,60272.45,60272.45,60200.41,60200.41,0.00623,1724938079999,375.0845512,3,2e-05,1.205449
1724938080000,60200.41,60200.41,60200.41,60200.41,0.0,1724938139999,0.0,0,0.0,0.0
1724938140000,60200.41,60200.41,60200.41,60200.41,0.0,1724938199999,0.0,0,0.0,0.0
1724938200000,60200.41,60200.41,60200.41,60200.41,0.0,1724938259999,0.0,0,0.0,0.0
1724938260000,60292.72,60292.72,60292.72,60292.72,2e-05,1724938319999,1.2058544,1,2e-05,1.2058544
1724938320000,60340.64,60406.52,60340.63,60406.52,0.0242,1724938379999,1460.2803378,4,0.0242,1460.2803378
1724938380000,60406.52,60406.52,60406.52,60406.52,0.0,1724938439999,0.0,0,0.0,0.0
1724938440000,60440.45,60440.45,60421.77,60421.77,0.00513,1724938499999,310.0583877,2,0.00507,306.4330815
1724938500000,60425.74,60477.76,60425.74,60459.3,0.00539,1724938559999,325.9711324,3,0.00521,315.0891296
1724938560000,60456.52,60508.47,60425.74,60425.74,0.01657,1724938619999,1002.2537933,14,0.00746,451.3345331
1724938620000,60452.24,60452.24,60428.25,60428.25,0.00534,1724938679999,322.6959288,7,4e-05,2.4176098
1724938680000,60399.0,60399.0,60399.0,60399.0,0.00583,1724938739999,352.12617,1,0.00583,352.12617
1724938740000,60384.13,60384.13,60384.13,60384.13,0.00014,1724938799999,8.4537782,1,0.00014,8.4537782
1724938800000,60386.03,60386.03,60386.03,60386.03,2e-05,1724938859999,1.2077206,1,2e-05,1.2077206
1724938860000,60386.03,60452.51,60354.47,60354.47,0.04228,1724938919999,2553.2304092,14,0.00165,99.7466415
1724938920000,60250.0,60250.0,60250.0,60250.0,0.00075,1724938979999,45.1875,1,0.0,0.0
1724938980000,60225.82,60264.98,60222.2,60222.2,0.00109,1724939039999,65.6531728,3,0.00021,12.6556458
1724939040000,60222.2,60222.2,60222.2,60222.2,0.0,1724939099999,0.0,0,0.0,0.0
1724939100000,60307.65,60321.61,60307.65,60321.61,0.00992,1724939159999,598.3090905,3,0.0036,217.10754
1724939160000,60327.02,60406.52,60327.02,60383.62,0.01297,1724939219999,782.7387121,10,0.00345,208.2881874
1724939220000,60439.78,60463.58,60439.78,60463.58,0.00041,1724939279999,24.7895886,3,0.00041,24.7895886
1724939280000,60433.83,60510.29,60433.83,60461.84,0.00203,1724939339999,122.8132484,5,0.00167,101.0521843
1724939340000,60491.09,60493.22,60491.09,60493.22,0.00056,1724939399999,33.8760967,2,0.0,0.0
1724939400000,60490.3,60490.3,60413.34,60413.34,0.00015,1724939459999,9.0658277,3,0.0,0.0
1724939460000,60352.52,60402.2,60337.3,60363.26,0.00581,1724939519999,350.8869836,7,0.00481,290.534582
1724939520000,60388.06,60431.48,60376.82,60431.48,0.00096,1724939579999,57.9757864,3,8e-05,4.8345184
1724939580000,60389.79,60405.81,60389.79,60405.81,0.00049,1724939639999,29.5946817,2,0.00049,29.5946817
1724939640000,60438.0,60438.0,60438.0,60438.0,0.00255,1724939699999,154.1169,1,0.00255,154.1169
1724939700000,60454.03,60469.22,60454.02,60469.22,0.00194,1724939759999,117.2896216,3,0.00136,82.217474
1724939760000,60523.42,60610.62,60523.42,60605.96,0.06509,1724939819999,3941.6537544,41,0.04241,2568.1900149
1724939820000,60606.04,60606.73,60536.37,60589.58,0.00961,1724939879999,581.7827747,11,4e-05,2.4238406
1724939880000,60611.31,60634.41,60567.8,60567.8,0.00713,1724939939999,432.2388417,6,0.00546,331.0605774
1724939940000,60607.85,60644.11,60597.0,60597.0,0.00043,1724939999999,26.0752999,3,0.00041,24.8633599
1724940000000,60644.11,60704.83,60622.18,60649.65,0.0451,1724940059999,2736.9104087,31,0.03626,2200.7269254
1724940060000,60631.07,60692.99,60631.07,60692.99,0.02514,1724940119999,1525.813161,3,0.025,1517.32475
1724940120000,60631.06,60664.26,60537.37,60615.46,0.0504,1724940179999,3055.805901,13,0.00271,164.40013
1724940180000,60552.98,60628.03,60552.98,60628.03,0.02689,1724940239999,1629.9839209,4,2e-05,1.212413
1724940240000,60622.63,60622.63,60556.57,60556.57,0.02702,1724940299999,1636.2398426,2,0.0,0.0
1724940300000,60584.05,60704.77,60584.05,60644.86,0.02561,1724940359999,1554.3348703,6,0.02555,1550.6986111
1724940360000,60704.82,60704.83,60684.53,60684.53,0.10589,1724940419999,6427.9992175,3,0.10416,6323.0149806
1724940420000,60709.46,60805.63,60709.46,60805.63,0.04108,1724940479999,2495.4672814,33,0.01704,1035.2969467
1724940480000,60767.51,60767.51,60693.86,60758.19,0.00348,1724940539999,211.3028442,4,0.00056,34.0245864
1724940540000,60758.19,60758.19,60751.53,60751.53,0.09273,1724940599999,5633.7688971,6,0.05076,3083.7476628
1724940600000,60771.47,60771.51,60771.47,60771.51,0.00037,1724940659999,22.4854451,2,0.0,0.0
1724940660000,60804.55,60823.3,60780.85,60780.85,0.02566,1724940719999,1560.6815608,5,0.025,1520.5661998
1724940720000,60777.8,60777.8,60771.63,60772.38,7e-05,1724940779999,4.2541903,4,2e-05,1.2154704
1724940780000,60772.38,60772.38,60772.38,60772.38,0.0,1724940839999,0.0,0,0.0,0.0
1724940840000,60733.21,60733.21,60733.21,60733.21,2e-05,1724940899999,1.2146642,1,0.0,0.0
1724940900000,60751.91,60751.91,60705.79,60705.79,0.00091,1724940959999,55.2441137,4,0.0,0.0
1724940960000,60675.88,60676.36,60675.88,60676.36,0.00379,1724941019999,229.9633948,2,0.0,0.0
1724941020000,60676.36,60676.36,60676.36,60676.36,0.0,1724941079999,0.0,0,0.0,0.0
1724941080000,60676.36,60676.36,60587.77,60599.6,0.00087,1724941139999,52.7374034,5,0.00032,19.4141299
1724941140000,60599.6,60599.6,60599.6,60599.6,0.0,1724941199999,0.0,0,0.0,0.0
1724941200000,60599.6,60608.69,60599.6,60608.69,0.00154,1724941259999,93.3339284,2,0.00154,93.3339284
1724941260000,60548.15,60548.15,60474.75,60474.75,0.00617,1724941319999,373.2588991,7,0.00182,110.1849286
1724941320000,60510.38,60510.38,60510.38,60510.38,0.00022,1724941379999,13.3122836,1,0.00022,13.3122836
1724941380000,60491.49,60491.49,60491.49,60491.49,9e-05,1724941439999,5.4442341,1,9e-05,5.4442341
1724941440000,60556.93,60556.93,60556.93,60556.93,0.00199,1724941499999,120.5082907,1,0.00199,120.5082907
1724941500000,60556.93,60556.93,60556.93,60556.93,0.0,1724941559999,0.0,0,0.0,0.0
1724941560000,60596.67,60666.8,60596.67,60666.8,0.02747,1724941619999,1666.151529,4,0.02179,1321.9269434
1724941620000,60594.47,60594.47,60594.47,60594.47,0.0016,1724941679999,96.951152,1,0.0,0.0
1724941680000,60648.6,60695.47,60624.84,60624.84,0.00622,1724941739999,377.1131085,5,0.00012,7.2810912
1724941740000,60694.08,60694.08,60570.2,60570.2,0.00173,1724941799999,104.9982808,2,0.00171,103.7868768
1724941800000,60622.84,60622.84,60608.69,60608.69,0.00067,1724941859999,40.6082468,2,0.0,0.0
1724941860000,60546.48,60546.48,60537.91,60537.91,0.00584,1724941919999,353.5427656,2,0.0,0.0
1724941920000,60537.91,60537.91,60537.91,60537.91,0.0,1724941979999,0.0,0,0.0,0.0
1724941980000,60599.15,60666.0,60599.15,60626.85,0.02106,1724942039999,1277.577259,5,0.02026,1229.075779
1724942040000,60637.44,60637.44,60637.44,60637.44,0.0023,1724942099999,139.466112,1,0.0,0.0
1724942100000,60679.83,60769.56,60652.07,60769.56,0.00431,1724942159999,261.6110972,6,0.00356,216.0695463
1724942160000,60747.64,60747.83,60747.64,60747.83,4e-05,1724942219999,2.4299094,2,0.0,0.0
1724942220000,60753.4,60753.4,60753.4,60753.4,2e-05,1724942279999,1.215068,1,0.0,0.0
1724942280000,60715.8,60715.8,60715.8,60715.8,2e-05,1724942339999,1.214316,1,0.0,0.0
1724942340000,60766.1,60803.37,60766.1,60803.37,0.00016,1724942399999,9.7270484,2,0.00012,7.2964044
1724942400000,60836.19,60857.92,60814.09,60832.43,0.04484,1724942459999,2727.6899613,11,0.01735,1055.6062234
1724942460000,60832.42,60832.7,60832.42,60832.7,0.02353,1724942519999,1431.3934254,2,0.02351,1430.176777
1724942520000,60832.7,60832.7,60832.7,60832.7,0.0,1724942579999,0.0,0,0.0,0.0
1724942580000,60831.69,60871.52,60831.69,60848.94,0.04839,1724942639999,2944.484512,23,0.0095,578.2634634
1724942640000,60863.45,60863.45,60863.45,60863.45,0.00032,1724942699999,19.476304,1,0.0,0.0
1724942700000,60835.16,60845.37,60835.16,60845.37,6e-05,1724942759999,3.6503138,2,2e-05,1.2169074
1724942760000,60836.31,60836.31,60836.31,60836.31,2e-05,1724942819999,1.2167262,1,0.0,0.0
1724942820000,60863.3,60892.07,60863.3,60882.14,0.01216,1724942879999,740.282656,16,0.00226,137.5793805
1724942880000,60872.48,60914.06,60872.48,60891.83,0.01711,1724942939999,1041.5836285,11,0.00072,43.8563344
1724942940000,60873.29,60873.29,60838.06,60838.06,0.00012,1724942999999,7.3012718,2,0.0,0.0
1724943000000,60869.0,60926.08,60856.42,60926.08,0.00429,1724943059999,261.2971736,5,0.00426,259.4714678
1724943060000,60828.59,60828.59,60828.59,60828.59,3e-05,1724943119999,1.8248577,1,0.0,0.0
1724943120000,60895.68,60895.68,60895.68,60895.68,0.00155,1724943179999,94.388304,1,0.00155,94.388304
1724943180000,60840.61,60840.61,60840.61,60840.61,2e-05,1724943239999,1.2168122,1,0.0,0.0
1724943240000,60840.61,60840.61,60840.61,60840.61,0.0,1724943299999,0.0,0,0.0,0.0
1724943300000,60789.69,60837.03,60756.44,60760.34,0.12857,1724943359999,7811.8714033,9,0.00148,90.022381
1724943360000,60757.25,60794.71,60752.61,60794.71,0.00105,1724943419999,63.8196642,9,0.00083,50.4539972
1724943420000,60749.16,60749.16,60737.31,60744.87,0.00034,1724943479999,20.6540359,4,2e-05,1.2148974
1724943480000,60778.27,60822.24,60772.38,60777.75,0.00516,1724943539999,313.7204302,11,0.00372,226.2071148
1724943540000,60780.06,60780.06,60780.06,60780.06,2e-05,1724943599999,1.2156012,1,0.0,0.0
1724943600000,60780.06,60780.06,60780.06,60780.06,0.0,1724943659999,0.0,0,0.0,0.0
1724943660000,60777.77,60777.77,60777.77,60777.77,0.00016,1724943719999,9.7244432,1,0.0,0.0
1724943720000,60836.47,60836.47,60836.47,60836.47,2e-05,1724943779999,1.2167294,1,2e-05,1.2167294
1724943780000,60836.47,60836.47,60836.47,60836.47,0.0,1724943839999,0.0,0,0.0,0.0
1724943840000,60877.14,60877.14,60877.14,60877.14,5e-05,1724943899999,3.043857,1,0.0,0.0
1724943900000,60927.24,60956.58,60903.47,60936.85,0.02594,1724943959999,1580.7715245,18,0.0174,1060.410246
1724943960000,60961.9,60963.41,60961.9,60963.41,0.00163,1724944019999,99.3702979,2,0.00163,99.3702979
1724944020000,60896.7,60930.64,60896.7,60897.41,0.02706,1724944079999,1647.8845514,4,2e-05,1.2186128
1724944080000,60897.44,60897.47,60897.44,60897.47,0.00034,1724944139999,20.7051335,2,0.0,0.0
1724944140000,60897.47,60897.47,60897.47,60897.47,0.0,1724944199999,0.0,0,0.0,0.0
1724944200000,60947.0,60947.0,60934.56,60934.56,0.01603,1724944259999,976.9800368,3,0.016,975.152
1724944260000,60964.95,60979.86,60964.95,60979.86,0.00023,1724944319999,14.0236164,3,0.00023,14.0236164
1724944320000,60979.86,60979.86,60979.86,60979.86,0.0,1724944379999,0.0,0,0.0,0.0
1724944380000,60952.31,60952.31,60952.31,60952.31,0.00281,1724944439999,171.2759911,1,0.0,0.0
1724944440000,60979.97,61000.0,60979.97,60988.48,1.41194,1724944499999,86128.2634454,11,1.40742,85852.5956355
1724944500000,60897.47,60897.47,60897.47,60897.47,0.00071,1724944559999,43.2372037,1,0.0,0.0
1724944560000,60984.83,61019.46,60984.83,61004.3,2.29995,1724944619999,140296.774204,57,2.27367,138693.7841896
1724944620000,61004.3,61004.3,61004.3,61004.3,0.0,1724944679999,0.0,0,0.0,0.0
1724944680000,60897.47,60897.47,60864.46,60864.46,0.00902,1724944739999,549.1017408,2,0.0,0.0
1724944740000,60864.46,60864.46,60864.46,60864.46,0.0,1724944799999,0.0,0,0.0,0.0
1724944800000,60917.24,60917.24,60891.56,60891.56,0.00508,1724944859999,309.3306656,2,0.00508,309.3306656
1724944860000,60901.95,60901.95,60803.96,60803.96,0.00313,1724944919999,190.3183546,2,2e-05,1.218039
1724944920000,60803.96,60803.96,60803.96,60803.96,0.0,1724944979999,0.0,0,0.0,0.0
1724944980000,60839.97,60839.97,60839.97,60839.97,5e-05,1724945039999,3.0419985,1,5e-05,3.0419985
1724945040000,60876.5,60876.5,60876.5,60876.5,0.00064,1724945099999,38.96096,1,0.00064,38.96096
1724945100000,60863.95,60949.83,60863.95,60949.83,0.00551,1724945159999,335.4393741,2,0.00092,56.0738436
1724945160000,60966.88,60966.88,60966.88,60966.88,2e-05,1724945219999,1.2193376,1,2e-05,1.2193376
1724945220000,60966.88,60966.88,60966.88,60966.88,0.0,1724945279999,0.0,0,0.0,0.0
1724945280000,60966.88,60966.88,60966.88,60966.88,0.0,1724945339999,0.0,0,0.0,0.0
1724945340000,61010.19,61010.19,61010.19,61010.19,0.00408,1724945399999,248.9215752,1,0.00408,248.9215752
1724945400000,60956.08,60956.08,60956.04,60956.04,0.00578,1724945459999,352.325912,2,0.0,0.0
1724945460000,60956.04,60956.04,60956.04,60956.04,0.0,1724945519999,0.0,0,0.0,0.0
1724945520000,60978.83,60978.83,60978.83,60978.83,0.00272,1724945579999,165.8624176,1,0.0,0.0
1724945580000,61028.41,61096.48,61011.6,61096.48,0.02746,1724945639999,1676.5078064,28,0.01131,690.6333271
1724945640000,61100.0,61123.89,61062.57,61062.57,0.05109,1724945699999,3121.4679013,13,0.00811,495.6174357
1724945700000,61092.94,61141.79,61092.94,61141.79,0.00676,1724945759999,413.299174,5,0.00676,413.299174
1724945760000,61141.79,61141.79,61141.79,61141.79,0.0,1724945819999,0.0,0,0.0,0.0
1724945820000,61064.72,61064.72,61064.72,61064.72,2e-05,1724945879999,1.2212944,1,0.0,0.0
1724945880000,61064.59,61064.59,61064.59,61064.59,2e-05,1724945939999,1.2212918,1,2e-05,1.2212918
1724945940000,61064.59,61064.59,61064.59,61064.59,0.0,1724945999999,0.0,0,0.0,0.0
1724946000000,61003.19,61003.19,61003.19,61003.19,0.00548,1724946059999,334.2974812,1,0.0,0.0
1724946060000,61059.39,61059.39,61000.0,61036.62,0.00252,1724946119999,153.786481,8,0.00179,109.256481
1724946120000,61036.62,61036.62,61036.62,61036.62,0.0,1724946179999,0.0,0,0.0,0.0
1724946180000,60966.88,60966.88,60951.89,60951.89,0.01221,1724946239999,744.2240418,3,0.0,0.0
1724946240000,60989.18,60989.18,60903.9,60903.9,0.07243,1724946299999,4411.6682914,4,0.00613,373.7397214
1724946300000,60903.91,60903.91,60876.82,60876.83,0.01244,1724946359999,757.36729,6,0.0,0.0
1724946360000,60903.5,60903.72,60903.5,60903.72,0.00048,1724946419999,29.233779,2,0.00048,29.233779
1724946420000,60903.9,60952.5,60903.9,60952.5,0.00575,1724946479999,350.4152228,5,0.00575,350.4152228
1724946480000,60952.2,60952.48,60952.2,60952.48,9e-05,1724946539999,5.485712,2,9e-05,5.485712
1724946540000,60952.38,60974.52,60952.35,60974.52,0.00049,1724946599999,29.8673212,11,0.00049,29.8673212
1724946600000,60976.9,60976.9,60976.9,60976.9,3e-05,1724946659999,1.829307,1,3e-05,1.829307
1724946660000,60984.25,60984.25,60984.25,60984.25,0.00029,1724946719999,17.6854325,1,0.0,0.0
1724946720000,60903.72,60903.72,60877.51,60877.51,0.48968,1724946779999,29810.5156091,43,0.0,0.0
1724946780000,60877.51,60919.22,60876.84,60876.84,0.17444,1724946839999,10619.4743185,11,0.00227,138.1934218
1724946840000,60876.39,60876.39,60748.44,60815.49,0.00262,1724946899999,159.2635329,10,0.00113,68.7286251
1724946900000,60761.3,60761.3,60761.3,60761.3,0.00041,1724946959999,24.912133,1,0.0,0.0
1724946960000,60775.27,60828.61,60775.27,60814.68,0.00351,1724947019999,213.4279316,3,0.00227,138.0665968
1724947020000,60814.68,60814.68,60814.68,60814.68,0.0,1724947079999,0.0,0,0.0,0.0
1724947080000,60814.68,60814.68,60805.65,60805.65,0.00015,1724947139999,9.1210281,2,0.00015,9.1210281
1724947140000,60756.79,60811.93,60756.79,60811.93,0.00248,1724947199999,150.7452128,2,0.00124,75.4067932
1724947200000,60814.59,60814.59,60814.59,60814.59,0.00262,1724947259999,159.3342258,1,0.00262,159.3342258
1724947260000,60814.68,60814.68,60814.68,60814.68,2e-05,1724947319999,1.2162936,1,2e-05,1.2162936
1724947320000,60814.68,60865.89,60814.68,60865.89,0.00162,1724947379999,98.5208058,2,0.00162,98.5208058
1724947380000,60861.73,60861.73,60852.09,60852.09,0.06921,1724947439999,4212.2375005,3,0.06921,4212.2375005
1724947440000,60852.09,60852.09,60852.09,60852.09,0.0,1724947499999,0.0,0,0.0,0.0
1724947500000,60861.34,60861.34,60839.7,60839.7,0.00235,1724947559999,142.9767254,3,0.0002,12.1713704
1724947560000,60903.2,60903.2,60902.8,60902.8,0.00055,1724947619999,33.4966364,4,0.00055,33.4966364
1724947620000,60902.8,60902.8,60902.8,60902.8,0.0,1724947679999,0.0,0,0.0,0.0
1724947680000,60919.42,60919.42,60919.42,60919.42,0.04045,1724947739999,2464.190539,2,0.04045,2464.190539
1724947740000,60919.42,60919.42,60919.42,60919.42,0.0,1724947799999,0.0,0,0.0,0.0
1724947800000,60941.64,60941.64,60941.25,60941.26,0.00059,1724947859999,35.9553476,3,0.00059,35.9553476
1724947860000,60870.15,60940.93,60870.15,60940.36,0.00049,1724947919999,29.8587841,3,0.00046,28.0326796
1724947920000,60897.89,60897.89,60897.69,60897.69,0.00026,1724947979999,15.8334454,2,0.00026,15.8334454
1724947980000,60897.69,60897.69,60897.69,60897.69,0.0,1724948039999,0.0,0,0.0,0.0
1724948040000,60901.44,60901.44,60855.04,60855.04,0.0003,1724948099999,18.26208,2,0.00012,7.3081728
1724948100000,60855.04,60855.04,60855.04,60855.04,0.0,1724948159999,0.0,0,0.0,0.0
1724948160000,60870.57,60870.57,60741.8,60741.8,0.26503,1724948219999,16100.700518,6,2e-05,1.2174114
1724948220000,60741.8,60741.8,60741.8,60741.8,0.0,1724948279999,0.0,0,0.0,0.0
1724948280000,60812.62,60812.62,60774.92,60783.57,0.00266,1724948339999,161.7089312,3,0.00131,79.6627892
1724948340000,60783.02,60783.02,60783.02,60783.02,0.00156,1724948399999,94.8215112,1,0.00156,94.8215112
1724948400000,60783.02,60783.02,60783.02,60783.02,0.0,1724948459999,0.0,0,0.0,0.0
1724948460000,60725.71,60757.06,60694.18,60732.29,0.00563,1724948519999,341.8181476,10,0.00215,130.5934879
1724948520000,60732.29,60732.29,60732.29,60732.29,0.0,1724948579999,0.0,0,0.0,0.0
1724948580000,60731.48,60731.48,60731.48,60731.48,0.00036,1724948639999,21.8633328,1,0.00036,21.8633328
1724948640000,60731.48,60731.48,60731.48,60731.48,0.0,1724948699999,0.0,0,0.0,0.0
1724948700000,60731.48,60731.48,60731.48,60731.48,0.0,1724948759999,0.0,0,0.0,0.0
1724948760000,60738.96,60738.96,60738.96,60738.96,0.0023,1724948819999,139.699608,1,0.0023,139.699608
1724948820000,60675.89,60720.72,60655.29,60706.26,0.00465,1724948879999,282.2139626,10,0.00263,159.6635916
1724948880000,60706.2,60706.2,60706.2,60706.2,0.00029,1724948939999,17.604798,1,0.00029,17.604798
1724948940000,60644.11,60692.77,60631.77,60673.46,0.0041,1724948999999,248.7265747,6,0.00258,156.5577697
1724949000000,60606.66,60673.38,60589.92,60670.99,0.0051,1724949059999,309.038379,7,0.00033,20.0215223
1724949060000,60673.31,60673.31,60669.87,60669.87,0.0001,1724949119999,6.0671587,3,0.0001,6.0671587
1724949120000,60662.46,60662.46,60648.19,60648.19,0.00116,1724949179999,70.3583447,5,0.00116,70.3583447
1724949180000,60587.77,60640.03,60556.08,60556.08,0.00776,1724949239999,470.3914912,7,0.00619,375.2932409
1724949240000,60621.55,60621.55,60507.1,60566.7,0.01088,1724949299999,658.7139616,11,0.0047,284.7387168
1724949300000,60566.73,60566.73,60566.73,60566.73,4e-05,1724949359999,2.4226692,1,4e-05,2.4226692
1724949360000,60566.73,60566.73,60566.73,60566.73,0.0,1724949419999,0.0,0,0.0,0.0
1724949420000,60566.73,60566.73,60566.73,60566.73,0.0,1724949479999,0.0,0,0.0,0.0
1724949480000,60548.15,60605.42,60533.37,60571.84,0.01663,1724949539999,1006.6785262,5,0.00013,7.8760182
1724949540000,60571.79,60571.79,60571.79,60571.79,0.00012,1724949599999,7.2686148,1,0.00012,7.2686148
1724949600000,60571.79,60571.79,60571.79,60571.79,0.0,1724949659999,0.0,0,0.0,0.0
1724949660000,60571.79,60571.79,60571.79,60571.79,0.0,1724949719999,0.0,0,0.0,0.0
1724949720000,60554.75,60554.75,60554.16,60554.16,0.0005,1724949779999,30.2772098,2,0.0005,30.2772098
1724949780000,60553.84,60554.36,60553.84,60554.36,0.00423,1724949839999,256.143968,3,0.00423,256.143968
1724949840000,60544.79,60544.79,60450.0,60450.0,0.08199,1724949899999,4956.4390942,15,0.05969,3608.2744737
1724949900000,60482.69,60482.69,60325.44,60377.39,0.01027,1724949959999,620.2606902,19,0.00718,433.7103496
1724949960000,60396.51,60396.51,60396.13,60396.21,0.00056,1724950019999,33.822014,5,0.00056,33.822014
1724950020000,60376.7,60376.7,60310.4,60363.56,0.00408,1724950079999,246.2490928,4,0.00343,207.0473328
1724950080000,60363.16,60363.16,60363.11,60363.13,0.00027,1724950139999,16.2980439,4,0.00027,16.2980439
1724950140000,60360.39,60360.39,60274.94,60327.07,0.00933,1724950199999,562.811109,11,0.00668,403.0590464
1724950200000,60274.94,60326.61,60245.84,60326.59,0.00291,1724950259999,175.3730996,9,0.0003,18.0979814
1724950260000,60357.83,60357.83,60283.33,60283.33,0.00157,1724950319999,94.6463181,3,2e-05,1.2071566
1724950320000,60320.99,60320.99,60233.53,60305.91,0.00566,1724950379999,341.0315991,13,0.0007,42.2156796
1724950380000,60306.15,60306.15,60306.15,60306.15,7e-05,1724950439999,4.2214305,1,7e-05,4.2214305
1724950440000,60306.55,60306.55,60233.53,60233.53,0.00223,1724950499999,134.3273345,6,9e-05,5.4275803
1724950500000,60290.39,60305.85,60247.62,60305.85,0.01062,1724950559999,640.0801515,4,0.00583,351.4940517
1724950560000,60305.84,60321.04,60246.02,60246.02,0.00056,1724950619999,33.7434688,4,8e-05,4.8253792
1724950620000,60343.38,60343.38,60343.38,60343.38,5e-05,1724950679999,3.017169,2,5e-05,3.017169
1724950680000,60333.57,60333.57,60333.57,60333.57,3e-05,1724950739999,1.8100071,1,3e-05,1.8100071
1724950740000,60333.43,60333.43,60333.19,60333.19,0.00061,1724950799999,36.8032679,9,0.00061,36.8032679
1724950800000,60308.68,60308.68,60291.29,60291.29,0.00012,1724950859999,7.2358243,2,0.00012,7.2358243
1724950860000,60290.85,60290.85,60230.57,60230.57,0.00064,1724950919999,38.5520284,5,7e-05,4.2203595
1724950920000,60231.56,60338.45,60231.56,60338.45,0.00172,1724950979999,103.7586182,2,0.0015,90.507675
1724950980000,60326.94,60326.94,60326.67,60326.67,0.00409,1724951039999,246.7371096,3,0.00409,246.7371096
1724951040000,60326.44,60326.44,60326.44,60326.44,0.00059,1724951099999,35.5925996,2,0.00059,35.5925996
1724951100000,60364.73,60364.73,60326.47,60326.47,0.00015,1724951159999,9.0501183,2,3e-05,1.8109419
1724951160000,60383.68,60397.25,60383.68,60397.25,0.00135,1724951219999,81.5360111,3,0.00135,81.5360111
1724951220000,60397.25,60397.25,60397.25,60397.25,0.0,1724951279999,0.0,0,0.0,0.0
1724951280000,60326.44,60326.44,60304.93,60304.93,0.0013,1724951339999,78.4235116,2,4e-05,2.4121972
1724951340000,60227.02,60227.02,60227.02,60227.02,0.0019,1724951399999,114.431338,1,0.0,0.0
1724951400000,60227.02,60227.02,60227.02,60227.02,0.0,1724951459999,0.0,0,0.0,0.0
1724951460000,60227.02,60227.02,60222.23,60222.23,0.00365,1724951519999,219.8199553,5,0.0,0.0
1724951520000,60288.33,60288.33,60175.47,60239.32,0.00794,1724951579999,478.165354,7,0.00461,277.7713982
1724951580000,60237.84,60237.84,60237.82,60237.82,0.00032,1724951639999,19.2761058,2,0.00032,19.2761058
1724951640000,60237.71,60256.33,60237.71,60256.23,0.00094,1724951699999,56.6353612,3,0.00094,56.6353612
1724951700000,60255.68,60301.22,60255.67,60301.22,0.01612,1724951759999,971.9038781,4,0.01612,971.9038781
1724951760000,60271.63,60334.63,60271.63,60334.62,0.00354,1724951819999,213.5461312,4,0.00293,176.7804369
1724951820000,60346.64,60346.64,60346.64,60346.64,0.00013,1724951879999,7.8450632,1,0.00013,7.8450632
1724951880000,60346.62,60346.72,60271.64,60271.65,0.01614,1724951939999,972.9012828,8,0.00156,94.1407662
1724951940000,60271.65,60271.65,60271.65,60271.65,0.0,1724951999999,0.0,0,0.0,0.0
1724952000000,60278.48,60278.48,60278.48,60278.48,0.00322,1724952059999,194.0967056,2,0.0,0.0
1724952060000,60306.48,60306.49,60306.48,60306.49,0.00091,1724952119999,54.8789049,2,0.0,0.0
1724952120000,60306.49,60306.49,60306.49,60306.49,0.0,1724952179999,0.0,0,0.0,0.0
1724952180000,60306.49,60306.49,60306.49,60306.49,0.0,1724952239999,0.0,0,0.0,0.0
1724952240000,60406.5,60406.52,60406.5,60406.52,0.00439,1724952299999,265.184546,2,0.00439,265.184546
1724952300000,60417.52,60420.54,60417.51,60420.54,0.0614,1724952359999,3709.6396676,9,0.0614,3709.6396676
1724952360000,60347.65,60347.65,60347.65,60347.65,2e-05,1724952419999,1.206953,1,0.0,0.0
1724952420000,60347.82,60347.82,60347.82,60347.82,2e-05,1724952479999,1.2069564,1,0.0,0.0
1724952480000,60407.8,60407.8,60407.8,60407.8,0.00013,1724952539999,7.853014,1,0.00013,7.853014
1724952540000,60332.07,60332.07,60332.07,60332.07,3e-05,1724952599999,1.8099621,1,0.0,0.0
1724952600000,60332.08,60332.08,60330.67,60330.67,0.005,1724952659999,301.6533923,2,0.0,0.0
1724952660000,60351.36,60420.54,60351.36,60420.54,0.00173,1724952719999,104.4092364,2,2e-05,1.2084108
1724952720000,60420.54,60420.54,60420.54,60420.54,0.0,1724952779999,0.0,0,0.0,0.0
1724952780000,60420.54,60420.54,60420.54,60420.54,0.0,1724952839999,0.0,0,0.0,0.0
1724952840000,60420.54,60420.54,60420.54,60420.54,0.0,1724952899999,0.0,0,0.0,0.0
1724952900000,60376.13,60376.13,60376.13,60376.13,0.00053,1724952959999,31.9993489,3,0.0,0.0
1724952960000,60376.13,60376.13,60376.13,60376.13,0.0,1724953019999,0.0,0,0.0,0.0
1724953020000,60427.51,60518.4,60427.51,60461.34,0.00111,1724953079999,67.1295431,6,0.00065,39.3226184
1724953080000,60461.34,60461.34,60461.34,60461.34,0.0,1724953139999,0.0,0,0.0,0.0
1724953140000,60461.34,60461.34,60461.34,60461.34,0.0,1724953199999,0.0,0,0.0,0.0
1724953200000,60461.34,60461.34,60461.34,60461.34,0.0,1724953259999,0.0,0,0.0,0.0
1724953260000,60461.34,60461.34,60461.34,60461.34,0.0,1724953319999,0.0,0,0.0,0.0
1724953320000,60461.34,60461.34,60461.34,60461.34,0.0,1724953379999,0.0,0,0.0,0.0
1724953380000,60477.62,60477.62,60477.62,60477.62,0.00015,1724953439999,9.071643,1,0.0,0.0
1724953440000,60548.15,60570.0,60548.15,60569.99,0.00212,1724953499999,128.4057703,6,0.00212,128.4057703
1724953500000,60503.24,60569.9,60503.24,60569.6,0.00437,1724953559999,264.6183428,7,0.00329,199.2748436
1724953560000,60503.23,60503.23,60447.99,60447.99,0.00023,1724953619999,13.9146381,2,0.0,0.0
1724953620000,60447.99,60447.99,60447.99,60447.99,0.0,1724953679999,0.0,0,0.0,0.0
1724953680000,60426.95,60426.95,60420.54,60420.54,0.00177,1724953739999,106.9549323,3,0.0,0.0
1724953740000,60420.54,60420.54,60420.54,60420.54,0.0,1724953799999,0.0,0,0.0,0.0
1724953800000,60420.54,60420.54,60420.54,60420.54,0.0,1724953859999,0.0,0,0.0,0.0
1724953860000,60478.47,60478.47,60478.47,60478.47,0.00014,1724953919999,8.4669858,1,0.00014,8.4669858
1724953920000,60478.47,60478.47,60478.47,60478.47,0.0,1724953979999,0.0,0,0.0,0.0
1724953980000,60478.47,60478.47,60478.47,60478.47,0.0,1724954039999,0.0,0,0.0,0.0
1724954040000,60478.47,60478.47,60478.47,60478.47,0.01232,1724954099999,745.0947504,1,0.01232,745.0947504
1724954100000,60478.47,60478.47,60478.47,60478.47,0.00767,1724954159999,463.8698649,1,0.00767,463.8698649
1724954160000,60478.47,60478.47,60478.47,60478.47,0.0,1724954219999,0.0,0,0.0,0.0
1724954220000,60478.47,60478.47,60478.47,60478.47,0.0,1724954279999,0.0,0,0.0,0.0
1724954280000,60470.23,60470.23,60470.23,60470.23,2e-05,1724954339999,1.2094046,1,0.0,0.0
1724954340000,60470.23,60470.23,60470.23,60470.23,0.0,1724954399999,0.0,0,0.0,0.0
1724954400000,60534.49,60547.89,60467.25,60547.89,0.00154,1724954459999,93.2308773,4,0.00151,91.4168598
1724954460000,60487.79,60487.79,60372.75,60372.75,0.02637,1724954519999,1592.3320212,3,0.00263,159.0828877
1724954520000,60372.76,60372.76,60372.76,60372.76,0.00134,1724954579999,80.8994984,1,0.0,0.0
1724954580000,60453.6,60453.6,60453.6,60453.6,0.00082,1724954639999,49.571952,1,0.00082,49.571952
1724954640000,60410.93,60410.93,60410.93,60410.93,0.00131,1724954699999,79.1383183,1,0.0,0.0
1724954700000,60412.11,60412.11,60412.11,60412.11,0.00051,1724954759999,30.8101761,1,0.0,0.0
1724954760000,60412.11,60412.11,60412.11,60412.11,0.0,1724954819999,0.0,0,0.0,0.0
1724954820000,60363.91,60363.91,60363.91,60363.91,0.00036,1724954879999,21.7310076,1,0.0,0.0
1724954880000,60295.63,60295.63,60295.63,60295.63,0.00169,1724954939999,101.8996147,5,0.0,0.0
1724954940000,60292.93,60340.85,60185.06,60185.06,0.06302,1724954999999,3793.5132179,21,0.00296,178.4970609
1724955000000,60185.06,60232.74,59947.54,60059.28,3.95653,1724955059999,237431.4910576,158,0.02479,1489.9646527
1724955060000,60059.28,60059.29,59931.93,60057.96,0.03113,1724955119999,1867.0332247,18,0.00696,417.9981519
1724955120000,60005.01,60104.89,60005.01,60045.16,0.02768,1724955179999,1662.1565294,7,0.01146,688.2994162
1724955180000,60070.87,60070.87,59990.03,59990.03,0.00711,1724955239999,426.7844353,4,0.00316,189.8238168
1724955240000,60000.0,60000.0,60000.0,60000.0,0.00637,1724955299999,382.2,3,0.00637,382.2
1724955300000,59925.73,59972.6,59766.28,59852.72,0.05464,1724955359999,3271.4479042,45,0.02495,1494.6617506
1724955360000,59766.28,59852.66,59708.14,59807.13,0.03306,1724955419999,1975.7658698,29,0.00954,570.6165596
1724955420000,59806.88,59806.88,59806.56,59806.56,0.00395,1724955479999,236.2359194,3,0.00395,236.2359194
1724955480000,59800.17,59800.17,59647.03,59753.51,0.01573,1724955539999,939.2442658,21,0.00717,428.4442649
1724955540000,59743.89,59743.89,59641.55,59641.55,0.00113,1724955599999,67.4952447,2,0.00098,58.5490122
1724955600000,59737.47,59737.47,59621.92,59679.02,0.01287,1724955659999,768.0192927,13,0.00936,558.730336
1724955660000,59586.0,59674.83,59565.12,59671.84,0.03452,1724955719999,2059.8105483,9,0.03297,1967.4620844
1724955720000,59671.78,59671.78,59671.78,59671.78,2e-05,1724955779999,1.1934356,1,2e-05,1.1934356
1724955780000,59679.02,59769.92,59679.02,59732.76,0.00338,1724955839999,202.0030864,3,0.00296,176.9153272
1724955840000,59807.16,59807.16,59807.16,59807.16,0.00013,1724955899999,7.7749308,1,0.0,0.0
1724955900000,59821.31,59821.34,59817.21,59821.34,0.00324,1724955959999,193.8197262,6,0.0,0.0
1724955960000,59817.18,59817.18,59817.18,59817.18,2e-05,1724956019999,1.1963436,1,0.0,0.0
1724956020000,59817.18,59817.18,59817.18,59817.18,0.0,1724956079999,0.0,0,0.0,0.0
1724956080000,59699.23,59699.23,59564.01,59640.83,0.00714,1724956139999,425.7985517,8,0.00639,381.1255022
1724956140000,59640.81,59640.81,59640.81,59640.81,0.00119,1724956199999,70.9725639,1,0.00119,70.9725639
1724956200000,59640.81,59640.81,59640.81,59640.81,0.0,1724956259999,0.0,0,0.0,0.0
1724956260000,59638.49,59656.87,59638.49,59656.87,0.00167,1724956319999,99.6079131,4,0.00167,99.6079131
1724956320000,59656.87,59656.87,59656.87,59656.87,0.0,1724956379999,0.0,0,0.0,0.0
1724956380000,59695.37,59695.37,59695.35,59695.35,0.00019,1724956439999,11.3421181,2,0.00019,11.3421181
1724956440000,59695.35,59695.35,59695.35,59695.35,0.0,1724956499999,0.0,0,0.0,0.0
1724956500000,59614.82,59695.35,59614.82,59695.35,0.01682,1724956559999,1002.9918808,3,0.0,0.0
1724956560000,59565.0,59565.0,59542.17,59542.17,0.00226,1724956619999,134.5906179,3,0.0,0.0
1724956620000,59527.27,59602.43,59406.26,59507.78,0.05551,1724956679999,3302.8001808,40,0.02021,1203.1928773
1724956680000,59507.75,59507.75,59301.78,59405.96,0.14904,1724956739999,8844.8665131,31,0.0123,731.0192481
1724956740000,59405.96,59405.96,59405.96,59405.96,0.00098,1724956799999,58.2178408,1,0.00098,58.2178408
1724956800000,59424.08,59455.24,59424.08,59455.24,0.00056,1724956859999,33.2933764,2,0.00056,33.2933764
1724956860000,59438.16,59438.16,59417.25,59417.25,0.00013,1724956919999,7.7246607,2,0.00013,7.7246607
1724956920000,59294.11,59414.25,59294.11,59302.5,0.00324,1724956979999,192.3069938,4,0.0015,89.121315
1724956980000,59291.29,59376.04,59227.07,59333.57,0.04093,1724957039999,2427.1721964,24,0.01422,844.0550095
1724957040000,59333.47,59333.47,59333.47,59333.47,0.00165,1724957099999,97.9002255,1,0.00165,97.9002255
1724957100000,59231.64,59333.42,59202.88,59288.85,0.02865,1724957159999,1697.0207453,34,0.00614,364.1410874
1724957160000,59202.88,59285.58,59158.4,59285.55,0.0358,1724957219999,2118.7402013,17,0.00298,176.5312681
1724957220000,59283.21,59283.22,59283.2,59283.22,0.00959,1724957279999,568.5259819,5,0.00959,568.5259819
1724957280000,59152.9,59254.89,59118.05,59154.4,0.00769,1724957339999,455.1771479,14,0.00409,242.3026344
1724957340000,59254.67,59273.22,59254.67,59273.22,0.00123,1724957399999,72.8873251,2,0.00123,72.8873251
1724957400000,59273.18,59273.19,59159.42,59159.42,0.01434,1724957459999,848.8179687,6,0.00053,31.4147881
1724957460000,59118.06,59231.46,59000.25,59000.26,0.1112,1724957519999,6565.7926997,59,0.04793,2830.1628748
1724957520000,59000.13,59049.52,59000.0,59049.52,0.02023,1724957579999,1193.5915272,9,0.00042,24.8007984
1724957580000,59048.84,59048.84,58915.32,58915.32,0.017,1724957639999,1002.5268881,19,2e-05,1.1809768
1724957640000,58915.32,58915.32,58915.32,58915.32,0.0,1724957699999,0.0,0,0.0,0.0
1724957700000,59091.21,59152.9,59089.64,59152.9,0.02587,1724957759999,1528.7553143,10,0.02503,1479.1199293
1724957760000,59161.14,59290.46,59161.14,59218.03,0.00771,1724957819999,456.661624,15,0.00259,153.4878867
1724957820000,59289.98,59290.02,59215.51,59262.24,0.00648,1724957879999,383.9054612,7,0.00282,167.1766944
1724957880000,59146.9,59146.9,59140.66,59140.66,0.00029,1724957939999,17.1518522,3,0.0,0.0
1724957940000,59141.53,59141.53,59140.67,59140.67,0.00196,1724957999999,115.9158766,2,0.0,0.0
1724958000000,59128.19,59163.47,59128.19,59129.09,0.08949,1724958059999,5293.7386396,5,0.0,0.0
1724958060000,59067.41,59099.44,59067.4,59099.44,0.01931,1724958119999,1140.7816093,7,0.0,0.0
1724958120000,59070.71,59091.65,59058.28,59058.28,0.00357,1724958179999,210.8752942,4,0.0,0.0
1724958180000,59058.28,59058.28,58942.59,58942.59,0.02601,1724958239999,1535.0523526,10,0.0,0.0
1724958240000,58951.66,59052.63,58938.38,59044.31,1.00506,1724958299999,59251.0981968,13,0.87308,51470.3013102
1724958300000,58954.82,59152.9,58954.81,59152.9,0.0342,1724958359999,2020.4663002,10,0.02979,1760.0481941
1724958360000,59101.49,59217.22,59101.49,59168.22,0.02246,1724958419999,1328.6111215,7,0.01166,690.3130276
1724958420000,59168.34,59239.49,59168.34,59173.55,0.00547,1724958479999,324.0089143,4,0.005,296.19745
1724958480000,59231.6,59272.05,59168.4,59272.05,0.12304,1724958539999,7287.841326,3,0.12273,7269.499122
1724958540000,59289.69,59302.46,59214.69,59247.25,0.03156,1724958599999,1871.2158707,5,0.03145,1864.7006268
1724958600000,59310.6,59310.6,59310.6,59310.6,4e-05,1724958659999,2.372424,1,4e-05,2.372424
1724958660000,59310.6,59310.6,59310.6,59310.6,0.0,1724958719999,0.0,0,0.0,0.0
1724958720000,59310.18,59310.18,59310.18,59310.18,0.00026,1724958779999,15.4206468,1,0.00026,15.4206468
1724958780000,59310.18,59310.18,59310.18,59310.18,0.0,1724958839999,0.0,0,0.0,0.0
1724958840000,59135.81,59135.81,59135.8,59135.8,0.00055,1724958899999,32.5246931,4,0.0,0.0
1724958900000,59191.35,59191.35,59191.35,59191.35,5e-05,1724958959999,2.9595675,2,5e-05,2.9595675
1724958960000,59152.61,59174.6,59152.61,59174.6,0.00855,1724959019999,505.7557972,3,0.0,0.0
1724959020000,59322.72,59330.38,59283.62,59284.52,0.00351,1724959079999,208.119217,7,0.00071,42.1234208
1724959080000,59284.52,59284.52,59284.52,59284.52,0.0,1724959139999,0.0,0,0.0,0.0
1724959140000,59298.99,59298.99,59298.99,59298.99,0.02916,1724959199999,1729.1585484,1,0.02916,1729.1585484
1724959200000,59275.43,59275.43,59275.43,59275.43,0.00353,1724959259999,209.2422679,1,0.0,0.0
1724959260000,59300.73,59381.5,59300.73,59381.5,0.00032,1724959319999,18.996871,4,0.00027,16.0318339
1724959320000,59320.69,59320.69,59320.66,59320.66,0.00043,1724959379999,25.5078961,4,0.0,0.0
1724959380000,59392.2,59432.27,59335.61,59372.33,0.01376,1724959439999,817.2145183,9,0.00974,578.5748974
1724959440000,59372.45,59372.45,59372.45,59372.45,0.00393,1724959499999,233.3337285,1,0.0,0.0
1724959500000,59372.45,59372.45,59372.45,59372.45,0.0,1724959559999,0.0,0,0.0,0.0
1724959560000,59428.29,59428.29,59428.29,59428.29,0.00011,1724959619999,6.5371119,1,0.00011,6.5371119
1724959620000,59420.19,59428.29,59420.19,59428.29,0.16827,1724959679999,9998.6824434,3,0.16261,9662.318322
1724959680000,59442.05,59484.4,59403.16,59484.4,0.02119,1724959739999,1260.2832005,8,0.01914,1138.5053749
1724959740000,59484.4,59484.4,59484.4,59484.4,0.0,1724959799999,0.0,0,0.0,0.0
1724959800000,59484.4,59484.47,59484.4,59484.47,0.0027,1724959859999,160.6079276,6,0.00068,40.4494396
1724959860000,59388.32,59440.59,59374.58,59440.59,0.00093,1724959919999,55.2439303,3,0.00025,14.8601475
1724959920000,59440.59,59440.59,59440.59,59440.59,0.0,1724959979999,0.0,0,0.0,0.0
1724959980000,59402.04,59417.71,59402.04,59417.71,0.0019,1724960039999,112.8919253,2,0.0,0.0
1724960040000,59440.59,59440.59,59379.9,59379.9,0.00158,1724960099999,93.8257041,3,0.0,0.0
1724960100000,59321.63,59434.15,59321.63,59434.15,0.02157,1724960159999,1280.8257451,4,0.02155,1279.6393125
1724960160000,59369.45,59369.45,59369.45,59369.45,2e-05,1724960219999,1.187389,1,0.0,0.0
1724960220000,59431.91,59598.54,59431.91,59551.38,0.02127,1724960279999,1265.8077632,30,0.00463,275.7367758
1724960280000,59551.39,59611.6,59551.39,59611.6,0.00125,1724960339999,74.478981,3,0.00066,39.343656
1724960340000,59611.6,59611.6,59611.6,59611.6,0.0,1724960399999,0.0,0,0.0,0.0
1724960400000,59551.39,59654.88,59551.39,59654.86,0.00803,1724960459999,478.6481617,14,0.00316,188.4826823
1724960460000,59599.53,59658.27,59599.53,59607.85,0.00172,1724960519999,102.5205228,5,4e-05,2.3863308
1724960520000,59607.85,59607.85,59607.85,59607.85,0.0,1724960579999,0.0,0,0.0,0.0
1724960580000,59558.98,59558.98,59558.98,59558.98,0.00025,1724960639999,14.889745,1,0.0,0.0
1724960640000,59559.16,59559.16,59559.16,59559.16,2e-05,1724960699999,1.1911832,1,0.0,0.0
1724960700000,59559.16,59559.16,59559.16,59559.16,0.0,1724960759999,0.0,0,0.0,0.0
1724960760000,59551.4,59551.4,59551.4,59551.4,0.00064,1724960819999,38.112896,2,0.0,0.0
1724960820000,59551.4,59551.4,59551.4,59551.4,0.0,1724960879999,0.0,0,0.0,0.0
1724960880000,59475.32,59475.32,59451.92,59451.92,7e-05,1724960939999,4.1628044,2,7e-05,4.1628044
1724960940000,59399.66,59421.07,59399.66,59406.67,0.00873,1724960999999,518.7389079,3,0.00861,511.6109487
1724961000000,59397.99,59397.99,59381.32,59381.32,0.00148,1724961059999,87.8861873,2,0.00148,87.8861873
1724961060000,59333.7,59347.72,59274.04,59326.08,0.00336,1724961119999,199.2867486,11,0.00159,94.3152564
1724961120000,59341.29,59341.29,59341.29,59341.29,2e-05,1724961179999,1.1868258,1,2e-05,1.1868258
1724961180000,59341.3,59353.26,59215.54,59282.43,0.01605,1724961239999,950.6711185,18,0.00213,126.3449136
1724961240000,59271.16,59271.16,59208.27,59221.55,0.00603,1724961299999,357.2183464,10,0.00532,315.1804747
1724961300000,59250.2,59260.19,59250.12,59260.19,0.03447,1724961359999,2042.4380218,5,0.03447,2042.4380218
1724961360000,59260.19,59260.19,59242.81,59242.82,0.00129,1724961419999,76.4237574,4,0.00129,76.4237574
1724961420000,59261.32,59261.32,59261.18,59261.18,0.00051,1724961479999,30.2232046,2,0.00051,30.2232046
1724961480000,59287.07,59287.07,59287.07,59287.07,2e-05,1724961539999,1.1857414,1,2e-05,1.1857414
1724961540000,59323.7,59323.7,59224.48,59224.48,0.01256,1724961599999,744.0809983,4,0.00017,10.077511
1724961600000,59271.41,59271.41,59271.41,59271.41,3e-05,1724961659999,1.7781423,1,3e-05,1.7781423
1724961660000,59308.18,59352.23,59308.18,59352.23,8e-05,1724961719999,4.7464164,2,8e-05,4.7464164
1724961720000,59391.0,59405.77,59391.0,59405.77,0.00263,1724961779999,156.2368797,3,0.00263,156.2368797
1724961780000,59405.77,59405.77,59405.77,59405.77,0.0,1724961839999,0.0,0,0.0,0.0
1724961840000,59464.06,59464.06,59459.92,59459.92,0.00097,1724961899999,57.6799312,2,0.00097,57.6799312
1724961900000,59478.86,59478.86,59430.6,59445.62,0.00297,1724961959999,176.5914608,3,0.00168,99.9244848
1724961960000,59445.62,59445.62,59445.62,59445.62,0.0,1724962019999,0.0,0,0.0,0.0
1724962020000,59443.94,59510.0,59443.94,59510.0,0.00959,1724962079999,570.6200714,3,0.00838,498.692904
1724962080000,59460.41,59460.41,59460.41,59460.41,0.00029,1724962139999,17.2435189,1,0.0,0.0
1724962140000,59507.29,59507.29,59507.29,59507.29,0.00131,1724962199999,77.9545499,1,0.00131,77.9545499
1724962200000,59418.44,59418.44,59418.44,59418.44,2e-05,1724962259999,1.1883688,1,0.0,0.0
1724962260000,59418.44,59418.44,59418.44,59418.44,0.0,1724962319999,0.0,0,0.0,0.0
1724962320000,59438.47,59438.47,59438.47,59438.47,0.00075,1724962379999,44.5788525,1,0.00075,44.5788525
1724962380000,59330.38,59374.45,59314.81,59374.45,0.00459,1724962439999,272.2654863,3,3e-05,1.7812335
1724962440000,59386.47,59386.47,59386.47,59386.47,3e-05,1724962499999,1.7815941,1,3e-05,1.7815941
1724962500000,59436.77,59436.77,59436.77,59436.77,5e-05,1724962559999,2.9718385,1,5e-05,2.9718385
1724962560000,59450.21,59450.21,59425.47,59425.47,0.00224,1724962619999,133.1642508,4,0.00207,123.0619209
1724962620000,59425.47,59425.47,59425.47,59425.47,3e-05,1724962679999,1.7827641,1,0.0,0.0
1724962680000,59472.89,59472.89,59472.89,59472.89,0.0021,1724962739999,124.893069,1,0.0021,124.893069
1724962740000,59411.92,59411.92,59378.24,59378.3,0.06357,1724962799999,3775.9279069,7,0.0,0.0
1724962800000,59378.3,59378.3,59365.92,59365.92,0.01086,1724962859999,644.7145102,2,0.0,0.0
1724962860000,59349.87,59349.87,59349.87,59349.87,0.01884,1724962919999,1118.1515508,2,0.0,0.0
1724962920000,59346.81,59346.81,59335.91,59335.91,0.02406,1724962979999,1427.749871,6,0.0,0.0
1724962980000,59302.37,59302.37,59302.37,59302.37,0.00924,1724963039999,547.9538988,2,0.0,0.0
1724963040000,59302.37,59302.37,59302.37,59302.37,0.00738,1724963099999,437.6514906,7,0.0,0.0
1724963100000,59249.22,59249.22,59231.24,59231.24,0.00734,1724963159999,434.8642826,4,0.0,0.0
1724963160000,59238.83,59314.66,59238.83,59292.71,0.00238,1724963219999,141.1656182,3,0.00236,139.9808416
1724963220000,59338.69,59338.69,59338.69,59338.69,0.0012,1724963279999,71.206428,1,0.0012,71.206428
1724963280000,59359.73,59359.73,59359.73,59359.73,0.0031,1724963339999,184.015163,1,0.0031,184.015163
1724963340000,59359.73,59359.73,59359.73,59359.73,0.0,1724963399999,0.0,0,0.0,0.0
1724963400000,59322.35,59381.68,59322.35,59381.68,0.00052,1724963459999,30.877287,2,0.0005,29.69084
1724963460000,59322.34,59322.34,59322.33,59322.33,0.00536,1724963519999,317.967719,2,0.0,0.0
1724963520000,59322.33,59322.33,59322.33,59322.33,0.0,1724963579999,0.0,0,0.0,0.0
1724963580000,59407.7,59407.7,59345.77,59345.77,0.00747,1724963639999,443.4014618,2,0.00143,84.953011
1724963640000,59345.77,59345.77,59345.77,59345.77,0.0,1724963699999,0.0,0,0.0,0.0
1724963700000,59363.62,59363.62,59363.62,59363.62,0.00073,1724963759999,43.3354426,1,0.0,0.0
1724963760000,59363.68,59363.7,59363.68,59363.7,0.00028,1724963819999,16.6218354,2,0.0,0.0
1724963820000,59363.7,59363.7,59363.7,59363.7,2e-05,1724963879999,1.187274,1,0.0,0.0
1724963880000,59363.7,59363.7,59363.7,59363.7,0.0,1724963939999,0.0,0,0.0,0.0
1724963940000,59363.77,59363.77,59363.77,59363.77,0.00089,1724963999999,52.8337553,1,0.0,0.0
1724964000000,59363.77,59363.77,59363.77,59363.77,9e-05,1724964059999,5.3427393,1,0.0,0.0
1724964060000,59363.77,59363.77,59363.77,59363.77,0.0,1724964119999,0.0,0,0.0,0.0
1724964120000,59363.77,59363.77,59363.77,59363.77,0.0,1724964179999,0.0,0,0.0,0.0
1724964180000,59393.8,59394.04,59393.78,59394.04,0.04911,1724964239999,2916.8290385,7,0.04911,2916.8290385
1724964240000,59394.04,59394.04,59394.04,59394.04,0.0,1724964299999,0.0,0,0.0,0.0
1724964300000,59398.49,59398.49,59398.49,59398.49,2e-05,1724964359999,1.1879698,1,2e-05,1.1879698
1724964360000,59338.85,59373.5,59274.01,59373.47,0.00199,1724964419999,118.0925094,9,0.0009,53.4286794
1724964420000,59373.47,59373.47,59373.47,59373.47,0.0,1724964479999,0.0,0,0.0,0.0
1724964480000,59452.59,59452.59,59398.33,59398.33,0.00275,1724964539999,163.4837705,4,0.00255,151.6041045
1724964540000,59452.58,59465.0,59452.58,59465.0,0.00044,1724964599999,26.1606256,2,0.00044,26.1606256
1724964600000,59465.0,59465.0,59465.0,59465.0,0.0,1724964659999,0.0,0,0.0,0.0
1724964660000,59465.0,59465.0,59465.0,59465.0,0.0,1724964719999,0.0,0,0.0,0.0
1724964720000,59464.99,59464.99,59398.62,59398.62,0.00124,1724964779999,73.6854827,2,0.00047,27.9485453
1724964780000,59398.62,59409.47,59398.62,59409.45,0.00271,1724964839999,160.9993999,4,0.0,0.0
1724964840000,59468.04,59468.04,59468.04,59468.04,0.00236,1724964899999,140.3445744,2,0.00236,140.3445744
1724964900000,59409.52,59409.52,59409.52,59409.52,0.00067,1724964959999,39.8043784,7,0.0,0.0
1724964960000,59413.83,59413.83,59413.83,59413.83,0.00505,1724965019999,300.0398415,1,0.0,0.0
1724965020000,59413.83,59413.83,59413.83,59413.83,0.0,1724965079999,0.0,0,0.0,0.0
1724965080000,59413.83,59413.83,59413.83,59413.83,0.0,1724965139999,0.0,0,0.0,0.0
1724965140000,59472.9,59492.39,59472.9,59492.38,0.00454,1724965199999,270.0599655,3,0.00454,270.0599655
1724965200000,59504.8,59504.8,59504.8,59504.8,0.24522,1724965259999,14591.767056,2,0.24522,14591.767056
1724965260000,59504.8,59504.8,59504.8,59504.8,0.0,1724965319999,0.0,0,0.0,0.0
1724965320000,59446.36,59446.36,59446.36,59446.36,0.00035,1724965379999,20.806226,1,0.0,0.0
1724965380000,59446.36,59446.38,59446.36,59446.36,0.01181,1724965439999,702.0615614,4,0.0,0.0
1724965440000,59507.8,59508.4,59466.56,59466.56,0.00271,1724965499999,161.2429672,4,0.00214,127.347028
1724965500000,59466.56,59527.27,59466.55,59527.27,0.02036,1724965559999,1210.8281554,9,0.00152,90.4781905
1724965560000,59480.8,59542.69,59480.8,59497.37,0.03649,1724965619999,2171.3415778,7,0.01017,605.5491573
1724965620000,59562.72,59610.9,59517.36,59541.43,0.00899,1724965679999,535.6593674,15,0.0087,518.3952321
1724965680000,59541.43,59550.53,59541.43,59550.53,0.00018,1724965739999,10.7178286,3,0.0,0.0
1724965740000,59610.88,59610.88,59556.86,59556.86,0.00238,1724965799999,141.7869222,2,0.00077,45.9003776
1724965800000,59556.87,59614.7,59556.86,59556.86,0.00249,1724965859999,148.3928309,4,0.00167,99.5562052
1724965860000,59525.21,59525.21,59525.21,59525.21,3e-05,1724965919999,1.7857563,1,0.0,0.0
1724965920000,59492.43,59492.43,59492.43,59492.43,0.01099,1724965979999,653.8218057,1,0.0,0.0
1724965980000,59528.78,59528.78,59528.78,59528.78,0.00077,1724966039999,45.8371606,1,0.00077,45.8371606
1724966040000,59528.78,59528.78,59528.78,59528.78,0.0,1724966099999,0.0,0,0.0,0.0
1724966100000,59468.04,59468.04,59437.81,59437.81,0.00067,1724966159999,39.8257511,2,0.0,0.0
1724966160000,59494.01,59494.18,59437.83,59437.85,0.00661,1724966219999,392.9925869,22,0.00193,114.8234549
1724966220000,59428.21,59428.21,59428.21,59428.21,0.00124,1724966279999,73.6909804,2,0.0,0.0
1724966280000,59428.2,59428.2,59428.2,59428.2,0.00891,1724966339999,529.505262,1,0.0,0.0
1724966340000,59428.2,59428.2,59428.2,59428.2,0.0,1724966399999,0.0,0,0.0,0.0
1724966400000,59419.69,59419.69,59419.69,59419.69,0.0009,1724966459999,53.477721,1,0.0,0.0
1724966460000,59444.7,59444.7,59444.7,59444.7,0.0002,1724966519999,11.88894,1,0.0,0.0
1724966520000,59482.69,59482.69,59482.69,59482.69,0.00097,1724966579999,57.6982093,1,0.0,0.0
1724966580000,59482.69,59482.69,59482.69,59482.69,0.0,1724966639999,0.0,0,0.0,0.0
1724966640000,59523.27,59523.27,59523.27,59523.27,0.00241,1724966699999,143.4510807,1,0.00241,143.4510807
1724966700000,59482.69,59482.69,59482.69,59482.69,0.0014,1724966759999,83.275766,3,0.0,0.0
1724966760000,59482.69,59482.69,59482.69,59482.69,0.0,1724966819999,0.0,0,0.0,0.0
1724966820000,59482.69,59482.69,59482.69,59482.69,0.0,1724966879999,0.0,0,0.0,0.0
1724966880000,59484.49,59484.49,59482.69,59482.69,0.00541,1724966939999,321.8033329,4,0.0,0.0
1724966940000,59482.69,59482.69,59452.9,59452.9,0.01204,1724966999999,716.0479591,3,0.0,0.0
1724967000000,59512.91,59512.91,59512.91,59512.91,5e-05,1724967059999,2.9756455,1,5e-05,2.9756455
1724967060000,59512.92,59524.36,59512.92,59524.36,0.00073,1724967119999,43.4523252,2,0.00073,43.4523252
1724967120000,59524.26,59524.26,59523.95,59523.95,0.00079,1724967179999,47.0239267,2,0.00079,47.0239267
1724967180000,59523.96,59523.97,59523.96,59523.97,0.00035,1724967239999,20.8333867,3,0.00035,20.8333867
1724967240000,59523.97,59523.97,59523.97,59523.97,0.0,1724967299999,0.0,0,0.0,0.0
1724967300000,59493.46,59493.46,59493.46,59493.46,0.00034,1724967359999,20.2277764,1,0.00034,20.2277764
1724967360000,59477.88,59477.88,59477.88,59477.88,0.00077,1724967419999,45.7979676,1,0.0,0.0
1724967420000,59495.55,59495.55,59495.55,59495.55,2e-05,1724967479999,1.189911,1,0.0,0.0
1724967480000,59495.55,59495.55,59495.55,59495.55,0.0,1724967539999,0.0,0,0.0,0.0
1724967540000,59553.5,59553.5,59553.5,59553.5,0.001,1724967599999,59.5535,1,0.001,59.5535
1724967600000,59496.36,59496.36,59496.36,59496.36,0.00027,1724967659999,16.0640172,1,0.0,0.0
1724967660000,59496.11,59496.13,59496.11,59496.13,0.00519,1724967719999,308.7849143,2,0.0,0.0
1724967720000,59562.73,59562.73,59562.73,59562.73,0.00072,1724967779999,42.8851656,2,0.00072,42.8851656
1724967780000,59563.2,59563.2,59500.0,59500.0,1.3266,1724967839999,78932.8882745,10,1.3266,78932.8882745
1724967840000,59500.0,59500.0,59500.0,59500.0,2.16343,1724967899999,128724.085,69,2.16343,128724.085
1724967900000,59500.0,59500.0,59500.0,59500.0,0.0,1724967959999,0.0,0,0.0,0.0
1724967960000,59546.99,59546.99,59496.11,59546.98,0.00255,1724968019999,151.8438019,3,0.00253,150.6538797
1724968020000,59546.53,59546.53,59546.53,59546.53,0.10921,1724968079999,6503.0765413,1,0.10921,6503.0765413
1724968080000,59546.57,59546.57,59546.57,59546.57,0.00011,1724968139999,6.5501227,1,0.00011,6.5501227
1724968140000,59496.03,59496.03,59496.03,59496.03,0.00071,1724968199999,42.2421813,1,0.0,0.0
1724968200000,59546.62,59546.64,59546.62,59546.64,0.00654,1724968259999,389.434982,3,0.00654,389.434982
1724968260000,59546.64,59555.26,59546.64,59555.26,0.00834,1724968319999,496.6341488,5,0.00834,496.6341488
1724968320000,59555.21,59555.21,59555.21,59555.21,0.00209,1724968379999,124.4703889,1,0.00209,124.4703889
1724968380000,59555.21,59555.21,59555.21,59555.21,0.0,1724968439999,0.0,0,0.0,0.0
1724968440000,59555.21,59555.21,59555.21,59555.21,0.0,1724968499999,0.0,0,0.0,0.0
1724968500000,59496.03,59496.03,59496.03,59496.03,5e-05,1724968559999,2.9748015,1,0.0,0.0
1724968560000,59475.01,59475.01,59475.0,59475.0,0.01755,1724968619999,1043.7862759,4,0.0,0.0
1724968620000,59525.23,59554.17,59490.01,59490.01,0.00207,1724968679999,123.2412599,4,0.00198,117.887159
1724968680000,59477.0,59477.0,59477.0,59477.0,0.00873,1724968739999,519.23421,3,0.0,0.0
1724968740000,59475.0,59475.0,59475.0,59475.0,0.00168,1724968799999,99.918,1,0.0,0.0
1724968800000,59475.0,59475.0,59387.96,59387.96,0.10241,1724968859999,6086.2923263,22,0.0,0.0
1724968860000,59383.7,59383.7,59330.38,59330.38,0.00441,1724968919999,261.7483921,8,0.00271,160.8832965
1724968920000,59357.58,59383.44,59357.58,59383.44,0.00013,1724968979999,7.71933,3,0.00013,7.71933
1724968980000,59410.6,59410.6,59349.18,59349.18,0.00062,1724969039999,36.822288,2,0.00042,24.952452
1724969040000,59279.51,59313.46,59279.11,59313.46,0.00098,1724969099999,58.1132393,3,0.00057,33.8086722
1724969100000,59268.11,59268.11,59262.1,59262.1,0.00246,1724969159999,145.7987996,4,0.00246,145.7987996
1724969160000,59279.86,59279.86,59184.26,59188.97,0.01281,1724969219999,758.4914624,16,0.01043,617.5678704
1724969220000,59188.95,59188.95,59000.01,59000.01,0.29967,1724969279999,17689.8639357,23,0.00527,311.5908407
1724969280000,59119.97,59119.97,58889.22,58889.22,0.08942,1724969339999,5270.4871836,32,0.02072,1222.307026
1724969340000,58899.99,58899.99,58748.88,58891.14,0.09683,1724969399999,5696.9961027,45,0.03182,1872.9123112
1724969400000,58899.99,59024.8,58899.99,59024.8,0.04015,1724969459999,2364.9567897,12,0.04015,2364.9567897
1724969460000,59004.28,59069.19,58970.47,59044.4,0.00675,1724969519999,398.4904716,5,0.00668,394.3625387
1724969520000,59010.52,59010.52,58970.49,58996.82,0.00161,1724969579999,94.9656737,4,0.00087,51.3275074
1724969580000,59010.6,59026.9,59010.6,59026.9,0.00135,1724969639999,79.685989,2,0.0,0.0
1724969640000,59090.77,59090.77,59067.54,59067.54,0.00107,1724969699999,63.2041262,4,8e-05,4.7272616
1724969700000,59067.53,59067.53,59067.53,59067.53,3e-05,1724969759999,1.7720259,1,0.0,0.0
1724969760000,59141.24,59152.9,59112.79,59122.82,0.00257,1724969819999,151.9552539,7,0.00093,55.0093756
1724969820000,59122.82,59122.82,59122.82,59122.82,0.0,1724969879999,0.0,0,0.0,0.0
1724969880000,59176.03,59235.57,59142.63,59216.1,0.01183,1724969939999,700.2713568,19,0.00926,548.2136238
1724969940000,59216.1,59216.1,59216.1,59216.1,0.0,1724969999999,0.0,0,0.0,0.0
1724970000000,59268.79,59292.53,59237.95,59292.53,0.00485,1724970059999,287.3397066,10,0.00087,51.5726464
1724970060000,59273.36,59273.36,59273.36,59273.36,0.0002,1724970119999,11.854672,1,0.0002,11.854672
1724970120000,59273.36,59273.36,59273.36,59273.36,0.0,1724970179999,0.0,0,0.0,0.0
1724970180000,59273.36,59273.36,59273.36,59273.36,0.0,1724970239999,0.0,0,0.0,0.0
1724970240000,59273.36,59273.36,59273.36,59273.36,0.0,1724970299999,0.0,0,0.0,0.0
1724970300000,59243.61,59243.61,59243.6,59243.6,0.0004,1724970359999,23.697442,2,0.0004,23.697442
1724970360000,59243.6,59243.6,59243.6,59243.6,0.0,1724970419999,0.0,0,0.0,0.0
1724970420000,59243.6,59243.6,59243.6,59243.6,0.0,1724970479999,0.0,0,0.0,0.0
1724970480000,59184.86,59184.86,59140.41,59140.41,0.00093,1724970539999,55.007355,3,0.0,0.0
1724970540000,59171.59,59171.71,59171.59,59171.71,0.00044,1724970599999,26.035502,2,0.0,0.0
1724970600000,59161.74,59161.74,59161.74,59161.74,5e-05,1724970659999,2.958087,1,0.0,0.0
1724970660000,59154.21,59154.21,59144.0,59144.0,7e-05,1724970719999,4.1403863,3,0.0,0.0
1724970720000,59144.0,59144.0,59144.0,59144.0,0.0,1724970779999,0.0,0,0.0,0.0
1724970780000,59166.89,59166.89,59166.89,59166.89,2e-05,1724970839999,1.1833378,1,0.0,0.0
1724970840000,59180.99,59180.99,59180.99,59180.99,3e-05,1724970899999,1.7754297,1,0.0,0.0
1724970900000,59187.21,59225.5,59163.22,59163.22,0.00158,1724970959999,93.5229879,3,0.00052,30.79726
1724970960000,59163.22,59163.22,59163.22,59163.22,0.0,1724971019999,0.0,0,0.0,0.0
1724971020000,59163.22,59163.22,59163.22,59163.22,0.0,1724971079999,0.0,0,0.0,0.0
1724971080000,59163.22,59163.22,59163.22,59163.22,0.0,1724971139999,0.0,0,0.0,0.0
1724971140000,59163.22,59163.22,59163.22,59163.22,0.0,1724971199999,0.0,0,0.0,0.0
1724971200000,59163.22,59163.22,59163.22,59163.22,0.0,1724971259999,0.0,0,0.0,0.0
1724971260000,59163.11,59242.2,59163.11,59242.2,0.00447,1724971319999,264.6243998,2,0.00209,123.816198
1724971320000,59242.2,59242.2,59242.2,59242.2,0.00759,1724971379999,449.648298,1,0.00759,449.648298
1724971380000,59242.2,59242.2,59242.2,59242.2,0.0,1724971439999,0.0,0,0.0,0.0
1724971440000,59272.05,59290.98,59272.05,59290.98,0.00211,1724971499999,125.1007466,3,0.00211,125.1007466
1724971500000,59239.31,59239.31,59239.31,59239.31,0.00025,1724971559999,14.8098275,1,0.0,0.0
1724971560000,59239.31,59239.31,59239.31,59239.31,0.0,1724971619999,0.0,0,0.0,0.0
1724971620000,59239.31,59239.31,59239.31,59239.31,0.0,1724971679999,0.0,0,0.0,0.0
1724971680000,59189.49,59189.49,59189.49,59189.49,0.00038,1724971739999,22.4920062,2,0.0,0.0
1724971740000,59273.45,59273.45,59273.45,59273.45,0.00034,1724971799999,20.152973,1,0.00034,20.152973
1724971800000,59273.45,59273.45,59273.45,59273.45,0.0,1724971859999,0.0,0,0.0,0.0
1724971860000,59235.82,59235.82,59235.82,59235.82,0.00114,1724971919999,67.5288348,2,0.0,0.0
1724971920000,59192.32,59257.55,59192.32,59257.55,0.01221,1724971979999,722.9808828,3,0.00372,220.438086
1724971980000,59257.55,59257.55,59257.55,59257.55,0.0,1724972039999,0.0,0,0.0,0.0
1724972040000,59257.55,59257.55,59257.55,59257.55,0.0,1724972099999,0.0,0,0.0,0.0
1724972100000,59184.86,59184.86,59184.86,59184.86,3e-05,1724972159999,1.7755458,1,0.0,0.0
1724972160000,59184.86,59184.87,59184.86,59184.87,6e-05,1724972219999,3.5510919,2,0.0,0.0
1724972220000,59193.21,59193.21,59193.21,59193.21,2e-05,1724972279999,1.1838642,1,0.0,0.0
1724972280000,59193.21,59193.21,59193.21,59193.21,0.0,1724972339999,0.0,0,0.0,0.0
1724972340000,59243.98,59243.98,59243.97,59243.97,0.02121,1724972399999,1256.5647725,2,0.02121,1256.5647725
1724972400000,59241.86,59241.86,59169.5,59169.5,0.00298,1724972459999,176.3978361,6,0.00047,27.8436737
1724972460000,59120.1,59120.1,59120.1,59120.1,0.00118,1724972519999,69.761718,2,0.0,0.0
1724972520000,59120.1,59176.32,59120.1,59120.1,0.14412,1724972579999,8520.3921903,11,0.02813,1663.0517862
1724972580000,59118.3,59118.3,59118.3,59118.3,0.00078,1724972639999,46.112274,2,0.0,0.0
1724972640000,59209.25,59209.25,59209.25,59209.25,0.01106,1724972699999,654.854305,2,0.01106,654.854305
1724972700000,59209.25,59209.25,59209.25,59209.25,0.0,1724972759999,0.0,0,0.0,0.0
1724972760000,59266.49,59266.49,59266.47,59266.47,0.00075,1724972819999,44.4498591,2,0.00075,44.4498591
1724972820000,59266.47,59266.47,59266.47,59266.47,0.0,1724972879999,0.0,0,0.0,0.0
1724972880000,59277.1,59277.1,59277.1,59277.1,0.00092,1724972939999,54.534932,1,0.00092,54.534932
1724972940000,59277.1,59277.1,59277.1,59277.1,0.0,1724972999999,0.0,0,0.0,0.0
1724973000000,59279.11,59279.11,59277.1,59277.1,0.00063,1724973059999,37.3447338,3,8e-05,4.7423288
1724973060000,59263.88,59263.88,59199.61,59199.61,0.00055,1724973119999,32.5707114,2,0.00017,10.0748596
1724973120000,59264.1,59298.2,59264.1,59298.2,0.00337,1724973179999,199.748661,4,0.00337,199.748661
1724973180000,59302.46,59322.72,59302.46,59322.72,0.0007,1724973239999,41.5154393,3,0.0007,41.5154393
1724973240000,59330.38,59333.7,59330.38,59333.7,0.00451,1724973299999,267.5931278,8,0.00451,267.5931278
1724973300000,59269.52,59333.68,59269.52,59333.68,0.00563,1724973359999,333.779788,2,0.0,0.0
1724973360000,59333.68,59333.68,59333.68,59333.68,0.00024,1724973419999,14.2400832,2,0.0,0.0
1724973420000,59333.68,59333.68,59333.68,59333.68,0.0,1724973479999,0.0,0,0.0,0.0
1724973480000,59294.07,59294.07,59294.07,59294.07,0.00143,1724973539999,84.7905201,1,0.0,0.0
1724973540000,59294.07,59337.18,59294.07,59294.07,0.00854,1724973599999,506.7188244,4,0.00806,478.2576708
1724973600000,59282.06,59333.0,59282.06,59333.0,0.00075,1724973659999,44.4961842,2,0.00068,40.34644
1724973660000,59228.11,59228.11,59222.13,59222.13,5e-05,1724973719999,2.9612261,2,0.0,0.0
1724973720000,59294.79,59294.79,59294.79,59294.79,3e-05,1724973779999,1.7788437,1,3e-05,1.7788437
1724973780000,59227.14,59227.14,59227.14,59227.14,2e-05,1724973839999,1.1845428,1,0.0,0.0
1724973840000,59227.14,59227.14,59227.14,59227.14,0.0,1724973899999,0.0,0,0.0,0.0
1724973900000,59259.26,59259.26,59259.26,59259.26,6e-05,1724973959999,3.5555556,1,0.0,0.0
1724973960000,59259.26,59259.26,59259.26,59259.26,0.0,1724974019999,0.0,0,0.0,0.0
1724974020000,59259.26,59259.26,59259.26,59259.26,0.0,1724974079999,0.0,0,0.0,0.0
1724974080000,59259.26,59259.26,59259.26,59259.26,0.0,1724974139999,0.0,0,0.0,0.0
1724974140000,59259.26,59259.26,59259.26,59259.26,0.0,1724974199999,0.0,0,0.0,0.0
1724974200000,59317.61,59317.61,59309.69,59309.69,0.00876,1724974259999,519.6179076,2,0.00876,519.6179076
1724974260000,59276.61,59276.61,59276.61,59276.61,3e-05,1724974319999,1.7782983,1,0.0,0.0
1724974320000,59276.61,59276.61,59276.61,59276.61,0.0,1724974379999,0.0,0,0.0,0.0
1724974380000,59276.61,59276.61,59276.61,59276.61,2e-05,1724974439999,1.1855322,1,0.0,0.0
1724974440000,59276.61,59276.61,59276.61,59276.61,0.0,1724974499999,0.0,0,0.0,0.0
1724974500000,59276.62,59334.09,59276.62,59334.09,0.00892,1724974559999,529.2566346,2,0.00886,525.7000374
1724974560000,59334.09,59334.09,59334.09,59334.09,0.0,1724974619999,0.0,0,0.0,0.0
1724974620000,59334.09,59334.09,59334.09,59334.09,0.0,1724974679999,0.0,0,0.0,0.0
1724974680000,59336.5,59336.5,59336.5,59336.5,0.00562,1724974739999,333.47113,1,0.00562,333.47113
1724974740000,59336.5,59336.5,59336.5,59336.5,0.0,1724974799999,0.0,0,0.0,0.0
1724974800000,59336.5,59336.5,59336.5,59336.5,0.0,1724974859999,0.0,0,0.0,0.0
1724974860000,59339.85,59339.85,59339.85,59339.85,0.00163,1724974919999,96.7239555,2,0.00163,96.7239555
1724974920000,59339.85,59339.85,59339.85,59339.85,0.0,1724974979999,0.0,0,0.0,0.0
1724974980000,59292.01,59292.01,59292.01,59292.01,8e-05,1724975039999,4.7433608,1,0.0,0.0
1724975040000,59292.01,59292.01,59292.01,59292.01,0.0,1724975099999,0.0,0,0.0,0.0
1724975100000,59292.01,59292.01,59292.01,59292.01,0.0,1724975159999,0.0,0,0.0,0.0
1724975160000,59292.01,59292.01,59292.01,59292.01,0.0,1724975219999,0.0,0,0.0,0.0
1724975220000,59292.01,59292.01,59292.01,59292.01,0.0,1724975279999,0.0,0,0.0,0.0
1724975280000,59311.91,59311.91,59311.91,59311.91,0.00139,1724975339999,82.4435549,1,0.0,0.0
1724975340000,59318.72,59319.44,59318.72,59319.44,0.00057,1724975399999,33.8117352,2,0.0,0.0
1724975400000,59319.44,59319.44,59319.44,59319.44,0.0,1724975459999,0.0,0,0.0,0.0
1724975460000,59319.52,59319.52,59319.52,59319.52,2e-05,1724975519999,1.1863904,1,0.0,0.0
1724975520000,59319.57,59319.57,59319.57,59319.57,0.00041,1724975579999,24.3210237,2,0.0,0.0
1724975580000,59319.57,59319.57,59319.57,59319.57,0.0,1724975639999,0.0,0,0.0,0.0
1724975640000,59319.57,59319.57,59319.57,59319.57,0.0,1724975699999,0.0,0,0.0,0.0
1724975700000,59319.59,59319.59,59319.59,59319.59,4e-05,1724975759999,2.3727836,1,0.0,0.0
1724975760000,59361.34,59396.57,59361.34,59365.63,0.01535,1724975819999,911.5729723,3,0.01006,597.5287896
1724975820000,59365.66,59365.66,59365.63,59365.63,0.00037,1724975879999,21.9652837,2,0.0,0.0
1724975880000,59365.65,59365.65,59365.65,59365.65,0.00012,1724975939999,7.123878,1,0.0,0.0
1724975940000,59365.65,59365.65,59365.65,59365.65,0.0,1724975999999,0.0,0,0.0,0.0
