open_time,open,high,low,close,volume,close_time,quote_volume,count,taker_buy_base_volume,taker_buy_quote_volume
1729900800000,66575.5,66578.65,66575.5,66578.65,0.01297,1729900859999,863.491396,11,0.0,0.0
1729900860000,66581.25,66581.25,66581.25,66581.25,0.00329,1729900919999,219.0523125,1,0.0,0.0
1729900920000,66584.8,66585.45,66584.8,66585.45,5e-05,1729900979999,3.329253,2,0.0,0.0
1729900980000,66586.43,66587.14,66584.84,66584.84,0.02573,1729901039999,1713.2302611,6,0.0,0.0
1729901040000,66585.26,66702.13,66585.26,66702.13,0.02745,1729901099999,1830.2112428,6,0.02092,1395.4085542
1729901100000,66585.65,66702.87,66585.65,66702.85,0.00215,1729901159999,143.3947275,5,0.00201,134.0727365
1729901160000,66587.18,66705.69,66587.18,66705.69,0.00343,1729901219999,228.6240531,17,0.00193,128.7419199
1729901220000,66590.45,66775.82,66590.45,66775.82,0.00369,1729901279999,245.8804926,9,0.00086,57.4272052
1729901280000,66594.19,66760.04,66594.19,66760.02,0.006,1729901339999,400.2152327,10,0.00391,261.031685
1729901340000,66598.94,66755.5,66598.94,66755.5,0.00368,1729901399999,245.613584,7,0.00338,225.63359
1729901400000,66602.59,66604.68,66602.59,66604.68,0.00559,1729901459999,372.3184861,5,0.0,0.0
1729901460000,66738.43,66738.43,66603.57,66603.57,0.00443,1729901519999,295.6149913,6,0.00416,277.6318688
1729901520000,66722.6,66722.6,66722.59,66722.59,0.01025,1729901579999,683.9066437,3,0.01025,683.9066437
1729901580000,66604.79,66685.03,66599.73,66685.03,0.06426,1729901639999,4279.7070957,4,4e-05,2.6674012
1729901640000,66600.58,66600.58,66600.58,66600.58,8e-05,1729901699999,5.3280464,1,0.0,0.0
1729901700000,66601.31,66601.38,66601.31,66601.38,4e-05,1729901759999,2.6640538,2,0.0,0.0
1729901760000,66601.38,66601.38,66601.38,66601.38,0.0,1729901819999,0.0,0,0.0,0.0
1729901820000,66604.37,66604.37,66604.37,66604.37,2e-05,1729901879999,1.3320874,1,0.0,0.0
1729901880000,66607.24,66611.09,66607.24,66611.09,0.00429,1729901939999,285.7461471,3,0.0,0.0
1729901940000,66614.07,66615.5,66614.07,66615.5,0.00024,1729901999999,15.9875519,3,0.0,0.0
1729902000000,66616.2,66618.71,66616.2,66618.71,0.00178,1729902059999,118.5806675,6,0.0,0.0
1729902060000,66619.42,66619.42,66619.42,66619.42,3e-05,1729902119999,1.9985826,1,0.0,0.0
1729902120000,66621.82,66622.93,66621.82,66622.93,0.00011,1729902179999,7.3284473,3,0.0,0.0
1729902180000,66625.47,66625.85,66625.47,66625.85,6e-05,1729902239999,3.9975358,2,0.0,0.0
1729902240000,66625.85,66625.85,66625.85,66625.85,0.0,1729902299999,0.0,0,0.0,0.0
1729902300000,66777.13,66777.13,66631.12,66631.96,0.00193,1729902359999,128.705073,6,0.00073,48.7473049
1729902360000,66633.22,66633.22,66633.22,66633.22,0.00276,1729902419999,183.9076872,1,0.0,0.0
1729902420000,66636.24,66782.51,66636.24,66782.51,0.00198,1729902479999,132.0835001,6,0.00099,66.1128727
1729902480000,66642.2,66645.04,66642.2,66645.04,0.01727,1729902539999,1150.9595284,2,0.0,0.0
1729902540000,66646.76,66649.03,66646.76,66649.03,0.0038,1729902599999,253.2639758,5,0.0,0.0
1729902600000,66649.41,66766.82,66649.41,66766.81,0.01402,1729902659999,936.0447864,5,0.0138,921.3819162
1729902660000,66792.44,66793.16,66651.61,66793.16,0.10811,1729902719999,7220.7860709,7,8e-05,5.3434528
1729902720000,66653.92,66800.85,66653.92,66659.5,0.00348,1729902779999,232.057642,13,0.00067,44.7549855
1729902780000,66660.89,66832.68,66660.89,66679.76,0.00863,1729902839999,576.2126392,13,0.00546,364.859823
1729902840000,66680.56,66833.38,66680.56,66685.22,0.01249,1729902899999,833.5474682,12,0.0045,300.7501232
1729902900000,66686.43,66843.79,66686.43,66689.18,0.00132,1729902959999,88.0932904,5,0.00042,28.0743918
1729902960000,66690.24,66690.32,66690.24,66690.32,0.11873,1729903019999,7918.141272,2,0.0,0.0
1729903020000,66690.32,66690.32,66690.32,66690.32,0.0,1729903079999,0.0,0,0.0,0.0
1729903080000,66691.1,66691.1,66657.03,66657.03,8e-05,1729903139999,5.3332438,2,0.0,0.0
1729903140000,66767.58,66767.6,66657.51,66767.6,0.00888,1729903199999,592.0286493,4,0.00099,66.099923
1729903200000,66835.36,66835.36,66681.04,66681.04,0.00122,1729903259999,81.4388312,3,0.00057,38.0961552
1729903260000,66835.36,66835.36,66835.36,66835.36,0.00137,1729903319999,91.5644432,2,0.00137,91.5644432
1729903320000,66835.36,66835.36,66835.36,66835.36,0.0,1729903379999,0.0,0,0.0,0.0
1729903380000,66835.36,66835.36,66835.36,66835.36,0.0,1729903439999,0.0,0,0.0,0.0
1729903440000,66835.36,66835.36,66713.54,66714.07,0.0267,1729903499999,1782.6716684,4,0.0,0.0
1729903500000,66719.76,66719.89,66719.76,66719.89,0.00113,1729903559999,75.3933769,2,0.0,0.0
1729903560000,66723.04,66854.32,66723.04,66854.32,0.00021,1729903619999,14.0367816,2,0.00019,12.7023208
1729903620000,66724.6,66725.71,66724.6,66725.71,0.00056,1729903679999,37.3659204,5,0.0,0.0
1729903680000,66727.37,66727.43,66727.37,66727.43,0.00025,1729903739999,16.6818449,2,0.0,0.0
1729903740000,66727.75,66854.3,66727.75,66728.9,0.00046,1729903799999,30.7215603,5,0.00021,14.039403
1729903800000,66854.32,66854.32,66854.32,66854.32,0.00011,1729903859999,7.3539752,1,0.00011,7.3539752
1729903860000,66854.32,66854.32,66854.32,66854.32,0.0,1729903919999,0.0,0,0.0,0.0
1729903920000,66854.32,66854.32,66854.32,66854.32,0.0,1729903979999,0.0,0,0.0,0.0
1729903980000,66732.35,66732.35,66732.35,66732.35,0.00011,1729904039999,7.3405585,1,0.0,0.0
1729904040000,66732.35,66732.35,66732.35,66732.35,0.0,1729904099999,0.0,0,0.0,0.0
1729904100000,66732.73,66740.13,66732.73,66740.13,0.00065,1729904159999,43.38034,3,0.0,0.0
1729904160000,66740.31,66740.51,66740.31,66740.51,5e-05,1729904219999,3.3370195,2,0.0,0.0
1729904220000,66732.36,66732.36,66732.36,66732.36,0.00018,1729904279999,12.0118248,1,0.0,0.0
1729904280000,66831.38,66845.33,66831.38,66845.33,0.00805,1729904339999,538.0043859,3,0.00805,538.0043859
1729904340000,66830.06,66830.06,66830.06,66830.06,0.0011,1729904399999,73.513066,2,0.0011,73.513066
1729904400000,66733.15,66822.88,66733.15,66822.88,0.00495,1729904459999,330.7705641,4,0.00078,52.1218464
1729904460000,66822.88,66822.88,66822.88,66822.88,0.0,1729904519999,0.0,0,0.0,0.0
1729904520000,66822.88,66822.88,66822.88,66822.88,0.0,1729904579999,0.0,0,0.0,0.0
1729904580000,66710.93,66710.93,66710.93,66710.93,0.00028,1729904639999,18.6790604,1,0.0,0.0
1729904640000,66710.93,66710.93,66710.93,66710.93,0.0,1729904699999,0.0,0,0.0,0.0
1729904700000,66710.93,66710.93,66710.93,66710.93,0.0,1729904759999,0.0,0,0.0,0.0
1729904760000,66710.93,66710.93,66710.93,66710.93,0.0,1729904819999,0.0,0,0.0,0.0
1729904820000,66710.93,66710.93,66710.93,66710.93,0.0,1729904879999,0.0,0,0.0,0.0
1729904880000,66688.54,66688.54,66688.54,66688.54,0.01045,1729904939999,696.895243,2,0.0,0.0
1729904940000,66586.51,66586.51,66586.51,66586.51,0.00503,1729904999999,334.9301453,1,0.0,0.0
1729905000000,66586.51,66586.51,66586.51,66586.51,0.0,1729905059999,0.0,0,0.0,0.0
1729905060000,66586.51,66586.51,66586.51,66586.51,0.00059,1729905119999,39.2860409,2,0.00059,39.2860409
1729905120000,66586.51,66586.51,66586.51,66586.51,0.0,1729905179999,0.0,0,0.0,0.0
1729905180000,66673.64,66673.64,66673.64,66673.64,0.0003,1729905239999,20.002092,1,0.0003,20.002092
1729905240000,66673.64,66685.53,66673.64,66685.53,0.00062,1729905299999,41.3395572,3,0.00062,41.3395572
1729905300000,66683.83,66683.83,66683.83,66683.83,0.00042,1729905359999,28.0072086,1,0.00042,28.0072086
1729905360000,66683.83,66683.83,66683.83,66683.83,0.0,1729905419999,0.0,0,0.0,0.0
1729905420000,66670.25,66708.8,66670.25,66708.8,0.04768,1729905479999,3180.391774,5,0.04768,3180.391774
1729905480000,66575.18,66575.18,66575.18,66575.18,6e-05,1729905539999,3.9945108,1,0.0,0.0
1729905540000,66702.44,66702.44,66702.44,66702.44,0.00023,1729905599999,15.3415612,1,0.00023,15.3415612
1729905600000,66578.86,66578.86,66578.83,66578.83,0.00522,1729905659999,347.5415198,4,0.0,0.0
1729905660000,66797.64,66797.64,66797.64,66797.64,0.00013,1729905719999,8.6836932,1,0.00013,8.6836932
1729905720000,66789.86,66789.86,66789.86,66789.86,0.00045,1729905779999,30.055437,2,0.00045,30.055437
1729905780000,66789.86,66789.86,66789.86,66789.86,0.0,1729905839999,0.0,0,0.0,0.0
1729905840000,66780.88,66788.69,66780.88,66788.69,0.00043,1729905899999,28.7182776,2,0.00043,28.7182776
1729905900000,66788.69,66788.69,66788.69,66788.69,0.0,1729905959999,0.0,0,0.0,0.0
1729905960000,66788.69,66788.69,66788.69,66788.69,0.0,1729906019999,0.0,0,0.0,0.0
1729906020000,66788.69,66788.69,66788.69,66788.69,0.0,1729906079999,0.0,0,0.0,0.0
1729906080000,66788.69,66788.69,66788.69,66788.69,0.0,1729906139999,0.0,0,0.0,0.0
1729906140000,66788.69,66788.69,66788.69,66788.69,0.0,1729906199999,0.0,0,0.0,0.0
1729906200000,66787.07,66850.52,66697.85,66697.85,0.00457,1729906259999,305.4621062,3,0.00431,288.1206652
1729906260000,66700.15,66700.15,66700.15,66700.15,0.00223,1729906319999,148.7413345,1,0.0,0.0
1729906320000,66700.26,66700.26,66700.26,66700.26,0.00342,1729906379999,228.1148892,3,0.0,0.0
1729906380000,66700.26,66700.26,66700.26,66700.26,3e-05,1729906439999,2.0010078,1,0.0,0.0
1729906440000,66700.26,66700.26,66700.26,66700.26,0.0,1729906499999,0.0,0,0.0,0.0
1729906500000,66617.73,66617.73,66617.73,66617.73,0.00011,1729906559999,7.3279503,1,0.0,0.0
1729906560000,66617.73,66617.73,66617.73,66617.73,0.0,1729906619999,0.0,0,0.0,0.0
1729906620000,66617.73,66617.73,66617.73,66617.73,0.0,1729906679999,0.0,0,0.0,0.0
1729906680000,66617.73,66617.73,66617.73,66617.73,0.0,1729906739999,0.0,0,0.0,0.0
1729906740000,66617.73,66617.73,66617.73,66617.73,0.0,1729906799999,0.0,0,0.0,0.0
1729906800000,66692.26,66692.26,66692.26,66692.26,2e-05,1729906859999,1.3338452,1,2e-05,1.3338452
1729906860000,66692.26,66692.26,66692.26,66692.26,0.0,1729906919999,0.0,0,0.0,0.0
1729906920000,66575.25,66692.1,66575.25,66692.1,0.00684,1729906979999,455.3852265,2,9e-05,6.002289
1729906980000,66692.02,66692.02,66692.02,66692.02,2e-05,1729907039999,1.3338404,1,2e-05,1.3338404
1729907040000,66692.02,66692.02,66692.02,66692.02,0.0,1729907099999,0.0,0,0.0,0.0
1729907100000,66692.02,66692.02,66692.02,66692.02,0.0,1729907159999,0.0,0,0.0,0.0
1729907160000,66692.02,66692.02,66692.02,66692.02,0.0,1729907219999,0.0,0,0.0,0.0
1729907220000,66692.02,66692.02,66692.02,66692.02,0.0,1729907279999,0.0,0,0.0,0.0
1729907280000,66692.02,66692.02,66692.02,66692.02,0.0,1729907339999,0.0,0,0.0,0.0
1729907340000,66692.02,66692.02,66692.02,66692.02,0.0,1729907399999,0.0,0,0.0,0.0
1729907400000,66667.72,66667.72,66667.72,66667.72,0.0001,1729907459999,6.666772,1,0.0,0.0
1729907460000,66652.33,66652.33,66652.33,66652.33,0.0054,1729907519999,359.922582,2,0.0,0.0
1729907520000,66767.96,66767.96,66767.96,66767.96,0.00118,1729907579999,78.7861928,2,0.00118,78.7861928
1729907580000,66767.96,66767.96,66767.96,66767.96,0.0,1729907639999,0.0,0,0.0,0.0
1729907640000,66780.69,66780.69,66780.69,66780.69,0.00017,1729907699999,11.3527173,1,0.00017,11.3527173
1729907700000,66659.62,66659.62,66659.62,66659.62,2e-05,1729907759999,1.3331924,1,0.0,0.0
1729907760000,66659.62,66659.62,66659.62,66659.62,0.0,1729907819999,0.0,0,0.0,0.0
1729907820000,66676.16,66676.16,66676.16,66676.16,2e-05,1729907879999,1.3335232,1,0.0,0.0
1729907880000,66676.16,66676.16,66676.16,66676.16,0.0,1729907939999,0.0,0,0.0,0.0
1729907940000,66676.16,66676.16,66676.16,66676.16,0.0,1729907999999,0.0,0,0.0,0.0
1729908000000,66685.52,66685.57,66685.52,66685.57,0.00024,1729908059999,16.0045308,2,0.0,0.0
1729908060000,66769.9,66769.9,66671.67,66679.03,0.00205,1729908119999,136.8735307,3,0.002,133.5398
1729908120000,66679.04,66765.3,66679.04,66765.3,0.007,1729908179999,466.8180365,10,0.00075,50.073975
1729908180000,66679.04,66679.04,66629.09,66629.09,0.03268,1729908239999,2177.4582607,10,0.00824,549.0237016
1729908240000,66629.09,66629.09,66629.09,66629.09,0.0,1729908299999,0.0,0,0.0,0.0
1729908300000,66615.66,66629.08,66615.66,66629.08,0.00041,1729908359999,27.312689,2,2e-05,1.3325816
1729908360000,66575.14,66575.14,66575.14,66575.14,0.00052,1729908419999,34.6190728,1,0.0,0.0
1729908420000,66575.14,66575.14,66575.14,66575.14,0.0,1729908479999,0.0,0,0.0,0.0
1729908480000,66575.14,66575.14,66575.14,66575.14,0.0,1729908539999,0.0,0,0.0,0.0
1729908540000,66575.14,66575.14,66575.14,66575.14,0.0,1729908599999,0.0,0,0.0,0.0
1729908600000,66575.4,66575.4,66575.4,66575.4,2e-05,1729908659999,1.331508,1,0.0,0.0
1729908660000,66575.14,66575.14,66575.14,66575.14,0.00041,1729908719999,27.2958074,2,0.0,0.0
1729908720000,66575.14,66575.14,66575.14,66575.14,0.0,1729908779999,0.0,0,0.0,0.0
1729908780000,66603.95,66603.95,66603.95,66603.95,2e-05,1729908839999,1.332079,1,2e-05,1.332079
1729908840000,66628.14,66628.14,66628.0,66628.0,0.00058,1729908899999,38.6442428,3,0.00058,38.6442428
1729908900000,66627.58,66627.58,66627.32,66627.32,0.00022,1729908959999,14.6580156,2,0.00022,14.6580156
1729908960000,66505.43,66626.83,66505.42,66626.83,0.03989,1729909019999,2652.9036421,3,2e-05,1.3325366
1729909020000,66626.44,66628.32,66626.44,66628.32,6e-05,1729909079999,3.997624,2,6e-05,3.997624
1729909080000,66628.32,66629.09,66628.32,66629.09,0.00792,1729909139999,527.7023774,2,0.00792,527.7023774
1729909140000,66688.58,66688.58,66557.48,66688.57,0.00608,1729909199999,405.4442389,4,0.00591,394.1294673
1729909200000,66688.57,66688.57,66688.57,66688.57,0.00607,1729909259999,404.7996199,1,0.00607,404.7996199
1729909260000,66569.44,66569.44,66569.44,66569.44,0.00103,1729909319999,68.5665232,1,0.0,0.0
1729909320000,66718.69,66718.69,66718.51,66718.51,0.02457,1729909379999,1639.2761491,6,0.02457,1639.2761491
1729909380000,66718.43,66769.4,66718.43,66769.4,0.0022,1729909439999,146.8029802,4,0.0022,146.8029802
1729909440000,66769.4,66769.4,66769.4,66769.4,0.0,1729909499999,0.0,0,0.0,0.0
1729909500000,66620.59,66620.59,66620.59,66620.59,0.003,1729909559999,199.86177,1,0.0,0.0
1729909560000,66799.91,66799.91,66799.91,66799.91,0.00179,1729909619999,119.5718389,1,0.00179,119.5718389
1729909620000,66799.91,66799.91,66799.91,66799.91,0.0,1729909679999,0.0,0,0.0,0.0
1729909680000,66799.91,66799.91,66799.91,66799.91,0.0,1729909739999,0.0,0,0.0,0.0
1729909740000,66799.91,66799.91,66799.91,66799.91,0.0,1729909799999,0.0,0,0.0,0.0
1729909800000,66657.44,66796.9,66657.44,66796.9,0.00077,1729909859999,51.4308238,2,0.00075,50.097675
1729909860000,66632.91,66632.92,66632.91,66632.92,4e-05,1729909919999,2.6653166,2,0.0,0.0
1729909920000,66632.92,66632.92,66632.92,66632.92,0.0,1729909979999,0.0,0,0.0,0.0
1729909980000,66632.92,66632.92,66632.92,66632.92,0.0,1729910039999,0.0,0,0.0,0.0
1729910040000,66597.28,66597.28,66597.28,66597.28,0.00073,1729910099999,48.6160144,1,0.0,0.0
1729910100000,66597.28,66597.28,66597.28,66597.28,0.0,1729910159999,0.0,0,0.0,0.0
1729910160000,66669.51,66669.51,66669.51,66669.51,0.0002,1729910219999,13.333902,1,0.0,0.0
1729910220000,66669.51,66669.51,66669.51,66669.51,0.0,1729910279999,0.0,0,0.0,0.0
1729910280000,66657.73,66657.73,66657.73,66657.73,2e-05,1729910339999,1.3331546,1,0.0,0.0
1729910340000,66657.73,66657.73,66657.73,66657.73,0.0,1729910399999,0.0,0,0.0,0.0
1729910400000,66769.32,66783.45,66769.32,66783.45,0.01807,1729910459999,1206.7108484,3,0.01807,1206.7108484
1729910460000,66783.45,66783.45,66783.45,66783.45,0.0,1729910519999,0.0,0,0.0,0.0
1729910520000,66783.45,66783.45,66783.45,66783.45,0.0,1729910579999,0.0,0,0.0,0.0
1729910580000,66779.54,66779.54,66746.46,66746.46,0.00196,1729910639999,130.8845904,3,0.0,0.0
1729910640000,66780.0,66854.32,66747.26,66854.32,0.18692,1729910699999,12483.7594648,4,0.18679,12475.082321
1729910700000,66861.73,66907.29,66760.01,66797.15,0.02296,1729910759999,1535.0387898,10,0.01281,857.0484601
1729910760000,66922.05,67006.82,66798.0,66874.04,0.09569,1729910819999,6405.149714,23,0.07583,5077.6050323
1729910820000,66874.53,67006.6,66874.53,66877.6,0.00335,1729910879999,224.0623416,8,0.0002,13.40132
1729910880000,66878.21,66879.02,66878.21,66879.02,0.01207,1729910939999,807.220251,3,0.0,0.0
1729910940000,66879.02,66879.02,66879.02,66879.02,0.0,1729910999999,0.0,0,0.0,0.0
1729911000000,66881.32,66882.56,66881.32,66882.56,0.00053,1729911059999,35.4474908,4,0.0,0.0
1729911060000,66882.92,67012.74,66882.92,67012.74,0.0026,1729911119999,174.1787479,8,0.00228,152.7759861
1729911120000,66886.72,66888.28,66886.72,66888.28,6e-05,1729911179999,4.0132462,3,0.0,0.0
1729911180000,66888.62,66888.62,66888.62,66888.62,2e-05,1729911239999,1.3377724,1,0.0,0.0
1729911240000,66889.01,66889.01,66889.01,66889.01,0.00023,1729911299999,15.3844723,1,0.0,0.0
1729911300000,66862.23,66862.23,66862.23,66862.23,9e-05,1729911359999,6.0176007,1,0.0,0.0
1729911360000,66849.11,66849.12,66849.11,66849.12,0.00029,1729911419999,19.3862421,3,0.0,0.0
1729911420000,66849.19,66849.2,66849.19,66849.2,4e-05,1729911479999,2.6739678,2,0.0,0.0
1729911480000,66845.37,66845.37,66845.37,66845.37,0.00067,1729911539999,44.7863979,1,0.0,0.0
1729911540000,66951.01,66951.01,66951.01,66951.01,0.00862,1729911599999,577.1177062,1,0.00862,577.1177062
1729911600000,66845.65,66845.65,66832.21,66832.21,0.04704,1729911659999,3144.1579316,9,0.0,0.0
1729911660000,66832.21,66832.21,66832.21,66832.21,0.0,1729911719999,0.0,0,0.0,0.0
1729911720000,66832.21,66832.21,66832.21,66832.21,0.0,1729911779999,0.0,0,0.0,0.0
1729911780000,66832.21,66832.21,66832.21,66832.21,0.0,1729911839999,0.0,0,0.0,0.0
1729911840000,66829.9,66829.9,66829.8,66829.8,0.00052,1729911899999,34.7515,2,0.00052,34.7515
1729911900000,66829.8,66829.8,66829.8,66829.8,0.0,1729911959999,0.0,0,0.0,0.0
1729911960000,66807.23,66807.23,66807.23,66807.23,0.00015,1729912019999,10.0210845,1,0.00015,10.0210845
1729912020000,66807.17,66807.17,66807.1,66807.1,0.00081,1729912079999,54.1138063,2,0.00081,54.1138063
1729912080000,66806.98,66806.98,66806.98,66806.98,0.0002,1729912139999,13.361396,1,0.0002,13.361396
1729912140000,66806.98,66806.98,66806.98,66806.98,0.0,1729912199999,0.0,0,0.0,0.0
1729912200000,66806.98,66806.98,66806.98,66806.98,0.0,1729912259999,0.0,0,0.0,0.0
1729912260000,66807.0,66807.0,66807.0,66807.0,2e-05,1729912319999,1.33614,1,2e-05,1.33614
1729912320000,66807.0,66807.0,66807.0,66807.0,0.0,1729912379999,0.0,0,0.0,0.0
1729912380000,66807.0,66807.0,66807.0,66807.0,0.0,1729912439999,0.0,0,0.0,0.0
1729912440000,66705.89,66705.89,66705.89,66705.89,0.00039,1729912499999,26.0152971,1,0.0,0.0
1729912500000,66806.87,66806.87,66806.87,66806.87,5e-05,1729912559999,3.3403435,1,5e-05,3.3403435
1729912560000,66816.49,66816.49,66816.18,66816.18,4e-05,1729912619999,2.6726534,2,4e-05,2.6726534
1729912620000,66816.34,66816.34,66816.34,66816.34,0.00022,1729912679999,14.6995948,2,0.00022,14.6995948
1729912680000,66816.19,66816.19,66816.19,66816.19,0.00181,1729912739999,120.9373039,3,0.00181,120.9373039
1729912740000,66816.19,66816.19,66816.19,66816.19,2e-05,1729912799999,1.3363238,1,2e-05,1.3363238
1729912800000,66816.19,66816.19,66816.19,66816.19,0.0,1729912859999,0.0,0,0.0,0.0
1729912860000,66816.19,66816.19,66816.19,66816.19,0.0,1729912919999,0.0,0,0.0,0.0
1729912920000,66816.19,66816.19,66816.19,66816.19,0.0,1729912979999,0.0,0,0.0,0.0
1729912980000,66816.19,66816.19,66816.19,66816.19,0.0,1729913039999,0.0,0,0.0,0.0
1729913040000,66866.58,66866.58,66866.58,66866.58,0.00222,1729913099999,148.4438076,4,0.00222,148.4438076
1729913100000,66866.58,66866.58,66866.58,66866.58,0.0,1729913159999,0.0,0,0.0,0.0
1729913160000,66866.58,66918.04,66866.58,66918.04,0.01165,1729913219999,779.0049198,3,0.01165,779.0049198
1729913220000,66917.5,66917.5,66917.5,66917.5,0.00014,1729913279999,9.36845,1,0.00014,9.36845
1729913280000,66917.5,66917.5,66917.5,66917.5,0.00842,1729913339999,563.44535,2,0.00842,563.44535
1729913340000,66968.9,66968.9,66968.9,66968.9,0.00024,1729913399999,16.072536,1,0.00024,16.072536
1729913400000,66968.9,66968.9,66968.9,66968.9,0.0,1729913459999,0.0,0,0.0,0.0
1729913460000,66968.9,66968.9,66968.9,66968.9,0.0,1729913519999,0.0,0,0.0,0.0
1729913520000,66968.9,66968.9,66968.9,66968.9,0.0,1729913579999,0.0,0,0.0,0.0
1729913580000,66856.86,66856.86,66856.86,66856.86,0.00043,1729913639999,28.7484498,1,0.0,0.0
1729913640000,66856.86,66856.86,66856.86,66856.86,0.0,1729913699999,0.0,0,0.0,0.0
1729913700000,66857.66,66857.66,66857.66,66857.66,4e-05,1729913759999,2.6743064,1,0.0,0.0
1729913760000,66858.11,66858.11,66858.11,66858.11,0.0008,1729913819999,53.486488,1,0.0,0.0
1729913820000,66861.78,66965.06,66861.78,66965.06,0.00107,1729913879999,71.5720595,5,0.00029,19.4198549
1729913880000,66965.06,66965.06,66965.06,66965.06,0.0,1729913939999,0.0,0,0.0,0.0
1729913940000,66965.06,66965.06,66965.06,66965.06,0.0,1729913999999,0.0,0,0.0,0.0
1729914000000,66965.06,66965.06,66965.06,66965.06,0.0,1729914059999,0.0,0,0.0,0.0
1729914060000,66965.06,66965.06,66965.06,66965.06,0.0,1729914119999,0.0,0,0.0,0.0
1729914120000,66866.08,66866.08,66866.08,66866.08,0.00139,1729914179999,92.9438512,1,0.0,0.0
1729914180000,66866.08,66866.08,66866.08,66866.08,0.0,1729914239999,0.0,0,0.0,0.0
1729914240000,66866.08,66866.08,66866.08,66866.08,0.0,1729914299999,0.0,0,0.0,0.0
1729914300000,66866.08,66866.08,66866.08,66866.08,0.0,1729914359999,0.0,0,0.0,0.0
1729914360000,66866.08,66866.08,66866.08,66866.08,0.0,1729914419999,0.0,0,0.0,0.0
1729914420000,66866.08,66866.08,66866.08,66866.08,0.0,1729914479999,0.0,0,0.0,0.0
1729914480000,66866.08,66866.08,66866.08,66866.08,0.0,1729914539999,0.0,0,0.0,0.0
1729914540000,66866.08,66866.08,66866.08,66866.08,0.0,1729914599999,0.0,0,0.0,0.0
1729914600000,66872.39,66872.39,66872.39,66872.39,3e-05,1729914659999,2.0061717,1,0.0,0.0
1729914660000,66980.1,66980.1,66873.03,66873.03,8e-05,1729914719999,5.3562666,2,6e-05,4.018806
1729914720000,66873.03,66873.03,66873.03,66873.03,0.0,1729914779999,0.0,0,0.0,0.0
1729914780000,66873.03,66873.03,66873.03,66873.03,0.0,1729914839999,0.0,0,0.0,0.0
1729914840000,66873.03,66873.03,66873.03,66873.03,0.0,1729914899999,0.0,0,0.0,0.0
1729914900000,66871.08,66871.08,66871.08,66871.08,0.00019,1729914959999,12.7055052,1,0.0,0.0
1729914960000,66871.08,66871.08,66871.08,66871.08,0.0,1729915019999,0.0,0,0.0,0.0
1729915020000,66871.08,66871.08,66871.08,66871.08,0.0,1729915079999,0.0,0,0.0,0.0
1729915080000,66871.08,66871.08,66871.08,66871.08,0.0,1729915139999,0.0,0,0.0,0.0
1729915140000,66871.08,66871.08,66871.08,66871.08,0.0,1729915199999,0.0,0,0.0,0.0
1729915200000,66871.08,66871.08,66871.08,66871.08,0.0,1729915259999,0.0,0,0.0,0.0
1729915260000,66879.14,66979.49,66879.14,66979.49,0.00077,1729915319999,51.5722003,2,0.00075,50.2346175
1729915320000,66979.49,66979.49,66979.49,66979.49,0.0,1729915379999,0.0,0,0.0,0.0
1729915380000,66880.43,66880.43,66880.43,66880.43,0.00744,1729915439999,497.5903992,1,0.0,0.0
1729915440000,66880.43,66880.43,66880.43,66880.43,0.0,1729915499999,0.0,0,0.0,0.0
1729915500000,66880.43,66880.43,66880.43,66880.43,0.0,1729915559999,0.0,0,0.0,0.0
1729915560000,66880.43,66880.43,66880.43,66880.43,0.0,1729915619999,0.0,0,0.0,0.0
1729915620000,66869.14,66869.14,66869.13,66869.13,0.00099,1729915679999,66.2004427,2,0.0,0.0
1729915680000,66850.35,66898.49,66814.73,66814.73,0.04411,1729915739999,2949.3543642,8,0.0169,1130.584481
1729915740000,66898.26,66898.26,66898.26,66898.26,0.01281,1729915799999,856.9667106,2,0.01281,856.9667106
1729915800000,66898.26,66898.26,66898.26,66898.26,0.01031,1729915859999,689.7210606,7,0.01031,689.7210606
1729915860000,66898.26,66965.97,66898.26,66965.97,0.00837,1729915919999,560.4577719,3,0.00837,560.4577719
1729915920000,66965.69,66965.69,66965.69,66965.69,0.02494,1729915979999,1670.1243086,1,0.02494,1670.1243086
1729915980000,66965.69,66965.69,66965.69,66965.69,0.0,1729916039999,0.0,0,0.0,0.0
1729916040000,66965.69,66965.69,66965.69,66965.69,0.0,1729916099999,0.0,0,0.0,0.0
1729916100000,66965.69,66965.69,66965.69,66965.69,0.0,1729916159999,0.0,0,0.0,0.0
1729916160000,66965.69,66965.69,66965.69,66965.69,0.0,1729916219999,0.0,0,0.0,0.0
1729916220000,66874.67,66874.67,66874.67,66874.67,2e-05,1729916279999,1.3374934,1,0.0,0.0
1729916280000,66874.67,66874.67,66874.67,66874.67,0.0,1729916339999,0.0,0,0.0,0.0
1729916340000,66874.67,66874.67,66874.67,66874.67,0.0,1729916399999,0.0,0,0.0,0.0
1729916400000,66874.67,66874.67,66874.67,66874.67,0.0,1729916459999,0.0,0,0.0,0.0
1729916460000,66900.78,66900.78,66900.78,66900.78,9e-05,1729916519999,6.0210702,1,0.0,0.0
1729916520000,66903.12,66903.12,66903.12,66903.12,0.00017,1729916579999,11.3735304,1,0.0,0.0
1729916580000,66903.12,66903.12,66903.12,66903.12,0.0,1729916639999,0.0,0,0.0,0.0
1729916640000,66996.07,66996.07,66996.07,66996.07,7e-05,1729916699999,4.6897249,1,7e-05,4.6897249
1729916700000,66916.04,66917.15,66916.04,66917.15,0.00971,1729916759999,649.7559183,3,0.0,0.0
1729916760000,66917.5,66920.01,66917.5,66920.01,0.00247,1729916819999,165.2923494,2,0.0,0.0
1729916820000,66920.01,66920.01,66920.01,66920.01,0.0,1729916879999,0.0,0,0.0,0.0
1729916880000,66921.61,66921.61,66921.61,66921.61,3e-05,1729916939999,2.0076483,1,0.0,0.0
1729916940000,66923.01,66923.07,66923.01,66923.07,0.00017,1729916999999,11.3769147,2,0.0,0.0
1729917000000,66928.01,66935.01,66928.01,66935.01,0.00147,1729917059999,98.3939747,4,0.0,0.0
1729917060000,66923.14,66923.14,66923.14,66923.14,2e-05,1729917119999,1.3384628,1,0.0,0.0
1729917120000,66921.74,66921.74,66921.74,66921.74,0.00014,1729917179999,9.3690436,1,0.0,0.0
1729917180000,66999.47,66999.47,66999.47,66999.47,0.00908,1729917239999,608.3551876,1,0.00908,608.3551876
1729917240000,66920.51,66920.51,66920.51,66920.51,2e-05,1729917299999,1.3384102,1,0.0,0.0
1729917300000,66920.81,66920.81,66920.81,66920.81,0.00434,1729917359999,290.4363154,1,0.0,0.0
1729917360000,66920.81,66920.81,66920.81,66920.81,0.0,1729917419999,0.0,0,0.0,0.0
1729917420000,66920.81,66920.81,66920.81,66920.81,0.0,1729917479999,0.0,0,0.0,0.0
1729917480000,66920.81,66920.81,66920.81,66920.81,0.0,1729917539999,0.0,0,0.0,0.0
1729917540000,66998.35,66998.35,66920.03,66920.03,0.00059,1729917599999,39.4953489,2,0.00016,10.719736
1729917600000,66920.03,66920.03,66920.03,66920.03,2e-05,1729917659999,1.3384006,1,0.0,0.0
1729917660000,66920.03,66920.03,66920.03,66920.03,0.00017,1729917719999,11.3764051,2,0.0,0.0
1729917720000,66920.03,66920.03,66920.03,66920.03,0.0,1729917779999,0.0,0,0.0,0.0
1729917780000,66920.03,66920.03,66920.03,66920.03,0.0,1729917839999,0.0,0,0.0,0.0
1729917840000,66920.03,66920.03,66920.03,66920.03,0.0,1729917899999,0.0,0,0.0,0.0
1729917900000,66920.03,66920.03,66920.03,66920.03,0.0,1729917959999,0.0,0,0.0,0.0
1729917960000,66920.03,66920.03,66920.03,66920.03,0.0,1729918019999,0.0,0,0.0,0.0
1729918020000,66997.13,66997.13,66997.13,66997.13,0.00256,1729918079999,171.5126528,1,0.00256,171.5126528
1729918080000,66997.13,66997.13,66997.13,66997.13,0.0,1729918139999,0.0,0,0.0,0.0
1729918140000,66997.13,66997.13,66997.13,66997.13,0.0,1729918199999,0.0,0,0.0,0.0
1729918200000,66997.13,66997.13,66997.13,66997.13,0.0,1729918259999,0.0,0,0.0,0.0
1729918260000,66930.73,66930.73,66930.73,66930.73,0.00075,1729918319999,50.1980475,1,0.0,0.0
1729918320000,66930.73,66930.73,66930.73,66930.73,0.0,1729918379999,0.0,0,0.0,0.0
1729918380000,66930.73,66930.73,66930.73,66930.73,0.0,1729918439999,0.0,0,0.0,0.0
1729918440000,66932.99,66999.63,66932.99,66999.63,0.00545,1729918499999,365.0886739,3,0.00456,305.5183128
1729918500000,66999.6,66999.6,66999.6,66999.6,0.03969,1729918559999,2659.214124,2,0.03969,2659.214124
1729918560000,66999.46,66999.46,66999.46,66999.46,0.00064,1729918619999,42.8796544,1,0.00064,42.8796544
1729918620000,66999.46,66999.46,66999.46,66999.46,0.00222,1729918679999,148.7388012,16,0.00222,148.7388012
1729918680000,66935.19,66935.19,66935.19,66935.19,0.00224,1729918739999,149.9348256,1,0.0,0.0
1729918740000,66999.6,66999.6,66937.11,66937.15,0.00102,1729918799999,68.3271008,8,0.00082,54.939672
1729918800000,66999.6,67000.0,66999.6,67000.0,0.004,1729918859999,267.9997826,4,0.004,267.9997826
1729918860000,67000.0,67000.0,67000.0,67000.0,0.00687,1729918919999,460.29,18,0.00687,460.29
1729918920000,67000.0,67017.64,67000.0,67017.64,0.00301,1729918979999,201.6890168,13,0.00301,201.6890168
1729918980000,67017.64,67034.89,67017.64,67034.89,0.00037,1729919039999,24.8010118,2,0.00037,24.8010118
1729919040000,67034.89,67050.57,66952.74,66962.64,0.00809,1729919099999,541.8659263,23,0.00229,153.5227739
1729919100000,67050.57,67074.23,67050.57,67074.23,0.00099,1729919159999,66.397228,4,0.00099,66.397228
1729919160000,67079.22,67079.22,67078.61,67078.61,8e-05,1729919219999,5.3663132,2,8e-05,5.3663132
1729919220000,66967.07,66967.6,66967.07,66967.6,0.00957,1729919279999,640.8749553,2,0.0,0.0
1729919280000,66967.74,66967.74,66967.74,66967.74,0.00653,1729919339999,437.2993422,1,0.0,0.0
1729919340000,66967.74,66967.74,66967.74,66967.74,0.0,1729919399999,0.0,0,0.0,0.0
1729919400000,66969.51,66969.51,66969.51,66969.51,9e-05,1729919459999,6.0272559,1,0.0,0.0
1729919460000,66970.78,66971.72,66970.78,66971.72,0.00016,1729919519999,10.7154564,2,0.0,0.0
1729919520000,66971.75,67055.62,66971.75,66986.72,0.01426,1729919579999,955.8152888,4,0.00849,569.3022138
1729919580000,66987.18,66987.18,66987.18,66987.18,6e-05,1729919639999,4.0192308,1,0.0,0.0
1729919640000,66990.48,66990.48,66990.48,66990.48,6e-05,1729919699999,4.0194288,1,0.0,0.0
1729919700000,66990.52,66991.8,66990.52,66991.8,0.0003,1729919759999,20.097324,3,0.0,0.0
1729919760000,67082.04,67082.04,66992.92,66993.37,0.00127,1729919819999,85.1542803,3,0.00082,55.0072728
1729919820000,66994.6,66994.9,66994.6,66994.9,7e-05,1729919879999,4.689637,2,0.0,0.0
1729919880000,66994.9,66994.9,66994.9,66994.9,0.0,1729919939999,0.0,0,0.0,0.0
1729919940000,66998.05,66998.05,66998.05,66998.05,0.00011,1729919999999,7.3697855,1,0.0,0.0
1729920000000,67082.04,67095.78,67082.04,67095.77,0.0027,1729920059999,181.1521515,5,0.0027,181.1521515
1729920060000,67095.75,67095.75,66999.57,67095.74,0.00287,1729920119999,192.562853,4,0.00285,191.2228616
1729920120000,67000.61,67095.72,67000.61,67001.43,0.00219,1729920179999,146.8532817,3,0.00128,85.8825216
1729920180000,67001.43,67001.43,67001.43,67001.43,0.0,1729920239999,0.0,0,0.0,0.0
1729920240000,67002.75,67003.8,67002.75,67003.8,0.0005,1729920299999,33.5017374,4,0.0,0.0
1729920300000,67095.78,67100.62,67010.02,67010.02,0.00147,1729920359999,98.5473447,5,0.00049,32.8775251
1729920360000,67010.02,67010.02,67010.02,67010.02,0.0,1729920419999,0.0,0,0.0,0.0
1729920420000,67013.77,67015.79,67013.77,67015.79,0.0012,1729920479999,80.4179761,3,0.0,0.0
1729920480000,67107.61,67163.3,67024.65,67046.34,0.02306,1729920539999,1547.4271987,18,0.01591,1068.1877241
1729920540000,67163.3,67164.66,67047.79,67047.79,0.00113,1729920599999,75.8849899,4,0.00104,69.8506888
1729920600000,67164.61,67164.61,67049.42,67164.49,0.01716,1729920659999,1150.6842919,3,0.00101,67.8361589
1729920660000,67050.28,67051.9,67050.28,67051.9,0.00098,1729920719999,65.709323,2,0.0,0.0
1729920720000,67052.97,67053.59,67052.97,67053.59,0.00028,1729920779999,18.7749221,4,0.0,0.0
1729920780000,67053.9,67054.32,67053.9,67054.32,0.0002,1729920839999,13.4108136,2,0.0,0.0
1729920840000,67054.32,67054.32,67054.32,67054.32,0.0,1729920899999,0.0,0,0.0,0.0
1729920900000,67056.51,67056.51,67056.51,67056.51,3e-05,1729920959999,2.0116953,1,0.0,0.0
1729920960000,67058.37,67164.64,67058.37,67164.64,0.0009,1729921019999,60.4364863,2,0.00079,53.0600656
1729921020000,67164.63,67164.63,67060.59,67060.59,0.00088,1729921079999,59.0923896,2,0.00076,51.0451188
1729921080000,67164.66,67164.66,67164.66,67164.66,0.0002,1729921139999,13.432932,1,0.0002,13.432932
1729921140000,67063.13,67063.15,67063.13,67063.13,0.00012,1729921199999,8.047576,4,0.0,0.0
1729921200000,67063.13,67063.13,67063.13,67063.13,0.0,1729921259999,0.0,0,0.0,0.0
1729921260000,67066.47,67183.87,67066.47,67183.87,0.00332,1729921319999,223.0017677,8,0.00322,216.2951171
1729921320000,67078.88,67078.88,67078.88,67078.88,0.00012,1729921379999,8.0494656,1,0.0,0.0
1729921380000,67081.36,67082.23,67081.36,67082.23,0.0057,1729921439999,382.3638042,2,0.0,0.0
1729921440000,67083.45,67083.84,67083.45,67083.84,0.00182,1729921499999,122.0923548,2,0.0,0.0
1729921500000,67085.52,67085.52,67085.52,67085.52,4e-05,1729921559999,2.6834208,1,0.0,0.0
1729921560000,67193.15,67201.61,67086.98,67201.61,0.00552,1729921619999,370.9229948,6,0.0055,369.5812552
1729921620000,67088.89,67089.4,67088.89,67089.4,0.0004,1729921679999,26.8356798,3,0.0,0.0
1729921680000,67089.65,67090.28,67089.65,67090.28,0.00024,1729921739999,16.1015538,2,0.0,0.0
1729921740000,67090.28,67090.28,67090.28,67090.28,0.0,1729921799999,0.0,0,0.0,0.0
1729921800000,67091.62,67092.25,67091.62,67092.25,0.0002,1729921859999,13.4183521,4,0.0,0.0
1729921860000,67092.83,67092.83,67092.83,67092.83,0.00011,1729921919999,7.3802113,1,0.0,0.0
1729921920000,67093.24,67093.24,67093.24,67093.24,2e-05,1729921979999,1.3418648,1,0.0,0.0
1729921980000,67093.24,67093.24,67093.24,67093.24,0.0,1729922039999,0.0,0,0.0,0.0
1729922040000,67094.79,67094.79,67094.79,67094.79,9e-05,1729922099999,6.0385311,1,0.0,0.0
1729922100000,67095.14,67095.77,67095.14,67095.77,0.00012,1729922159999,8.0514735,2,0.0,0.0
1729922160000,67095.87,67095.87,67095.87,67095.87,0.00199,1729922219999,133.5207813,1,0.0,0.0
1729922220000,67095.87,67095.87,67095.87,67095.87,0.0,1729922279999,0.0,0,0.0,0.0
1729922280000,67095.87,67095.87,67095.87,67095.87,0.0,1729922339999,0.0,0,0.0,0.0
1729922340000,67096.71,67105.84,67096.71,67105.84,0.00242,1729922399999,162.3958589,2,0.0,0.0
1729922400000,67196.74,67196.74,67105.82,67106.58,0.00089,1729922459999,59.7689375,5,0.00049,32.9264026
1729922460000,67107.45,67107.46,67107.45,67107.46,0.00021,1729922519999,14.0925647,2,0.0,0.0
1729922520000,67197.05,67197.08,67197.05,67197.06,0.00573,1729922579999,385.0391936,3,0.00573,385.0391936
1729922580000,67197.06,67197.06,67197.06,67197.06,0.0,1729922639999,0.0,0,0.0,0.0
1729922640000,67197.06,67197.06,67197.06,67197.06,0.0,1729922699999,0.0,0,0.0,0.0
1729922700000,67070.34,67071.06,67070.34,67071.06,5e-05,1729922759999,3.3535314,2,0.0,0.0
1729922760000,67071.31,67071.31,67071.31,67071.31,2e-05,1729922819999,1.3414262,1,0.0,0.0
1729922820000,67071.31,67071.31,67071.31,67071.31,0.0,1729922879999,0.0,0,0.0,0.0
1729922880000,67071.65,67071.65,67071.64,67071.64,0.00441,1729922939999,295.7859388,2,0.0,0.0
1729922940000,67071.64,67071.64,67071.64,67071.64,0.0,1729922999999,0.0,0,0.0,0.0
1729923000000,67071.64,67071.64,67071.64,67071.64,0.0,1729923059999,0.0,0,0.0,0.0
1729923060000,67062.82,67063.03,67062.82,67063.03,6e-05,1729923119999,4.0237776,2,0.0,0.0
1729923120000,67063.03,67063.03,67063.03,67063.03,0.0,1729923179999,0.0,0,0.0,0.0
1729923180000,67062.49,67062.49,67062.49,67062.49,2e-05,1729923239999,1.3412498,1,0.0,0.0
1729923240000,67062.49,67062.49,67062.49,67062.49,0.0,1729923299999,0.0,0,0.0,0.0
1729923300000,67131.46,67131.46,67131.46,67131.46,0.00022,1729923359999,14.7689212,1,0.00022,14.7689212
1729923360000,67131.46,67131.46,67131.46,67131.46,0.0,1729923419999,0.0,0,0.0,0.0
1729923420000,67087.9,67087.9,67087.9,67087.9,2e-05,1729923479999,1.341758,1,0.0,0.0
1729923480000,67087.9,67087.9,67087.9,67087.9,0.0,1729923539999,0.0,0,0.0,0.0
1729923540000,67087.9,67087.9,67087.9,67087.9,0.0,1729923599999,0.0,0,0.0,0.0
1729923600000,67200.32,67200.32,67200.32,67200.32,0.00065,1729923659999,43.680208,1,0.00065,43.680208
1729923660000,67194.41,67194.41,67194.41,67194.41,0.00129,1729923719999,86.6807889,1,0.00129,86.6807889
1729923720000,67194.41,67194.41,67194.41,67194.41,0.0,1729923779999,0.0,0,0.0,0.0
1729923780000,67194.41,67194.41,67194.41,67194.41,0.0,1729923839999,0.0,0,0.0,0.0
1729923840000,67194.41,67194.41,67194.41,67194.41,0.0,1729923899999,0.0,0,0.0,0.0
1729923900000,67194.41,67194.41,67194.41,67194.41,0.0,1729923959999,0.0,0,0.0,0.0
1729923960000,67194.41,67194.41,67194.41,67194.41,0.0,1729924019999,0.0,0,0.0,0.0
1729924020000,67194.41,67194.41,67194.41,67194.41,0.0,1729924079999,0.0,0,0.0,0.0
1729924080000,67194.41,67194.41,67194.41,67194.41,0.0,1729924139999,0.0,0,0.0,0.0
1729924140000,67194.41,67194.41,67194.41,67194.41,0.0,1729924199999,0.0,0,0.0,0.0
1729924200000,67194.41,67194.41,67194.41,67194.41,0.0,1729924259999,0.0,0,0.0,0.0
1729924260000,67167.87,67167.87,67167.87,67167.87,0.00206,1729924319999,138.3658122,1,0.00206,138.3658122
1729924320000,67168.16,67168.16,67168.15,67168.15,0.00949,1729924379999,637.4257907,2,0.00949,637.4257907
1729924380000,67109.89,67109.89,67109.89,67109.89,4e-05,1729924439999,2.6843956,1,0.0,0.0
1729924440000,67190.5,67190.51,67190.5,67190.51,0.00176,1729924499999,118.2552952,3,0.00176,118.2552952
1729924500000,67201.62,67223.0,67129.28,67132.43,0.01893,1729924559999,1271.6061576,11,0.00892,599.612191
1729924560000,67223.0,67223.0,67223.0,67223.0,0.02288,1729924619999,1538.06224,2,0.02288,1538.06224
1729924620000,67223.0,67223.0,67135.6,67137.04,0.06338,1729924679999,4255.8969663,5,0.00964,648.02972
1729924680000,67223.0,67242.72,67223.0,67242.72,0.02655,1729924739999,1785.1869617,7,0.02655,1785.1869617
1729924740000,67242.72,67248.8,67242.72,67248.8,0.00209,1729924799999,140.5379536,3,0.00209,140.5379536
1729924800000,67248.8,67248.8,67248.8,67248.8,0.0,1729924859999,0.0,0,0.0,0.0
1729924860000,67236.94,67236.94,67236.94,67236.94,0.00149,1729924919999,100.1830406,1,0.00149,100.1830406
1729924920000,67236.94,67236.94,67236.94,67236.94,0.0,1729924979999,0.0,0,0.0,0.0
1729924980000,67236.94,67236.94,67236.94,67236.94,0.0,1729925039999,0.0,0,0.0,0.0
1729925040000,67236.94,67236.94,67236.94,67236.94,0.0,1729925099999,0.0,0,0.0,0.0
1729925100000,67140.93,67140.93,67140.93,67140.93,3e-05,1729925159999,2.0142279,1,0.0,0.0
1729925160000,67140.93,67140.93,67140.93,67140.93,0.0,1729925219999,0.0,0,0.0,0.0
1729925220000,67140.93,67140.93,67140.93,67140.93,0.0,1729925279999,0.0,0,0.0,0.0
1729925280000,67140.93,67140.93,67140.93,67140.93,0.0,1729925339999,0.0,0,0.0,0.0
1729925340000,67176.45,67176.45,67176.45,67176.45,0.00067,1729925399999,45.0082215,1,0.00067,45.0082215
1729925400000,67140.93,67140.93,67140.4,67140.4,0.0015,1729925459999,100.7113844,2,0.0,0.0
1729925460000,67140.4,67140.4,67140.4,67140.4,0.024,1729925519999,1611.3696,1,0.0,0.0
1729925520000,67140.4,67140.4,67140.4,67140.4,0.0,1729925579999,0.0,0,0.0,0.0
1729925580000,67176.42,67176.42,67140.39,67140.39,0.00138,1729925639999,92.659503,2,0.00016,10.7482272
1729925640000,67140.39,67140.39,67140.39,67140.39,0.0,1729925699999,0.0,0,0.0,0.0
1729925700000,67140.39,67140.39,67140.39,67140.39,0.0,1729925759999,0.0,0,0.0,0.0
1729925760000,67140.39,67140.39,67140.39,67140.39,0.0,1729925819999,0.0,0,0.0,0.0
1729925820000,67185.72,67185.72,67185.72,67185.72,0.02344,1729925879999,1574.8332768,3,0.02344,1574.8332768
1729925880000,67185.72,67185.72,67185.72,67185.72,0.002,1729925939999,134.37144,1,0.002,134.37144
1729925940000,67185.72,67185.72,67185.72,67185.72,0.0,1729925999999,0.0,0,0.0,0.0
1729926000000,67185.72,67185.72,67185.72,67185.72,0.0,1729926059999,0.0,0,0.0,0.0
1729926060000,67197.82,67197.82,67140.4,67197.01,0.00059,1729926119999,39.6452657,3,0.00057,38.3024577
1729926120000,67196.85,67196.85,67196.85,67196.85,0.00018,1729926179999,12.095433,1,0.00018,12.095433
1729926180000,67196.85,67196.85,67196.85,67196.85,0.0,1729926239999,0.0,0,0.0,0.0
1729926240000,67196.53,67196.53,67196.53,67196.53,0.00117,1729926299999,78.6199401,2,0.00117,78.6199401
1729926300000,67196.53,67196.53,67196.53,67196.53,0.03734,1729926359999,2509.1184302,4,0.03734,2509.1184302
1729926360000,67196.53,67196.53,67196.53,67196.53,0.0091,1729926419999,611.488423,3,0.0091,611.488423
1729926420000,67196.53,67196.53,67196.53,67196.53,0.0,1729926479999,0.0,0,0.0,0.0
1729926480000,67196.53,67196.53,67196.53,67196.53,0.0,1729926539999,0.0,0,0.0,0.0
1729926540000,67196.53,67196.53,67196.53,67196.53,0.0,1729926599999,0.0,0,0.0,0.0
1729926600000,67185.09,67185.09,67114.14,67185.09,0.0022,1729926659999,147.724896,3,0.00104,69.8724936
1729926660000,67185.07,67185.09,67185.07,67185.09,0.02561,1729926719999,1720.6101243,5,0.02561,1720.6101243
1729926720000,67185.1,67185.1,67185.1,67185.1,0.00679,1729926779999,456.186829,1,0.00679,456.186829
1729926780000,67185.1,67185.1,67185.1,67185.1,0.0,1729926839999,0.0,0,0.0,0.0
1729926840000,67185.09,67185.09,67185.09,67185.09,0.00042,1729926899999,28.2177378,1,0.00042,28.2177378
1729926900000,67115.08,67115.08,67115.08,67115.08,0.00028,1729926959999,18.7922224,1,0.0,0.0
1729926960000,67115.08,67115.08,67115.08,67115.08,0.0,1729927019999,0.0,0,0.0,0.0
1729927020000,67087.86,67087.86,67087.86,67087.86,0.00527,1729927079999,353.5530222,1,0.0,0.0
1729927080000,67087.86,67087.86,67087.86,67087.86,0.0,1729927139999,0.0,0,0.0,0.0
1729927140000,67087.86,67087.86,67087.86,67087.86,0.0,1729927199999,0.0,0,0.0,0.0
1729927200000,67062.5,67062.5,67062.5,67062.5,0.00842,1729927259999,564.66625,1,0.0,0.0
1729927260000,67062.5,67062.5,67062.5,67062.5,0.0,1729927319999,0.0,0,0.0,0.0
1729927320000,67062.5,67062.5,67062.5,67062.5,0.0,1729927379999,0.0,0,0.0,0.0
1729927380000,67062.5,67062.5,67062.5,67062.5,0.0,1729927439999,0.0,0,0.0,0.0
1729927440000,67062.5,67062.5,67062.5,67062.5,0.0,1729927499999,0.0,0,0.0,0.0
1729927500000,67062.5,67062.5,67062.5,67062.5,0.0,1729927559999,0.0,0,0.0,0.0
1729927560000,67062.5,67062.5,67062.5,67062.5,0.0,1729927619999,0.0,0,0.0,0.0
1729927620000,67062.5,67062.5,67062.5,67062.5,0.0,1729927679999,0.0,0,0.0,0.0
1729927680000,67062.49,67062.49,67062.49,67062.49,0.00018,1729927739999,12.0712482,1,0.0,0.0
1729927740000,67062.49,67062.49,67062.49,67062.49,0.0,1729927799999,0.0,0,0.0,0.0
1729927800000,67062.49,67062.49,67062.49,67062.49,5e-05,1729927859999,3.3531245,1,0.0,0.0
1729927860000,67062.49,67062.49,67062.49,67062.49,0.00318,1729927919999,213.2587182,2,0.0,0.0
1729927920000,67062.49,67062.49,67062.49,67062.49,0.0,1729927979999,0.0,0,0.0,0.0
1729927980000,67062.49,67062.49,67062.49,67062.49,0.0,1729928039999,0.0,0,0.0,0.0
1729928040000,67062.49,67062.49,67062.49,67062.49,0.0,1729928099999,0.0,0,0.0,0.0
1729928100000,67062.49,67062.49,67062.49,67062.49,0.0,1729928159999,0.0,0,0.0,0.0
1729928160000,67063.12,67063.12,67063.12,67063.12,2e-05,1729928219999,1.3412624,1,0.0,0.0
1729928220000,67063.12,67063.12,67063.12,67063.12,0.0,1729928279999,0.0,0,0.0,0.0
1729928280000,67062.49,67062.49,67062.49,67062.49,0.01643,1729928339999,1101.8367107,3,0.0,0.0
1729928340000,67062.49,67062.49,67062.49,67062.49,0.0,1729928399999,0.0,0,0.0,0.0
1729928400000,67062.49,67062.49,67062.49,67062.49,0.0,1729928459999,0.0,0,0.0,0.0
1729928460000,67062.49,67062.49,67062.49,67062.49,0.0,1729928519999,0.0,0,0.0,0.0
1729928520000,67062.49,67062.49,67062.49,67062.49,0.0,1729928579999,0.0,0,0.0,0.0
1729928580000,67062.49,67062.49,67062.49,67062.49,0.0,1729928639999,0.0,0,0.0,0.0
1729928640000,67062.49,67062.49,67062.49,67062.49,0.0,1729928699999,0.0,0,0.0,0.0
1729928700000,67062.49,67062.49,67062.49,67062.49,0.0,1729928759999,0.0,0,0.0,0.0
1729928760000,67062.49,67062.49,67062.49,67062.49,0.0,1729928819999,0.0,0,0.0,0.0
1729928820000,67062.49,67062.49,67062.49,67062.49,0.0,1729928879999,0.0,0,0.0,0.0
1729928880000,67062.49,67062.49,67062.49,67062.49,0.0,1729928939999,0.0,0,0.0,0.0
1729928940000,67062.49,67062.49,67062.49,67062.49,0.0,1729928999999,0.0,0,0.0,0.0
1729929000000,67062.49,67062.49,67062.49,67062.49,0.0,1729929059999,0.0,0,0.0,0.0
1729929060000,67062.49,67062.49,67062.49,67062.49,0.0,1729929119999,0.0,0,0.0,0.0
1729929120000,67062.49,67062.49,67062.49,67062.49,0.0,1729929179999,0.0,0,0.0,0.0
1729929180000,67062.49,67062.49,67062.49,67062.49,0.0,1729929239999,0.0,0,0.0,0.0
1729929240000,67079.35,67079.35,67079.35,67079.35,0.00244,1729929299999,163.673614,1,0.00244,163.673614
1729929300000,66983.89,66983.89,66983.89,66983.89,0.00024,1729929359999,16.0761336,1,0.0,0.0
1729929360000,66983.89,66983.89,66983.89,66983.89,0.0,1729929419999,0.0,0,0.0,0.0
1729929420000,66983.89,66983.89,66983.89,66983.89,0.0,1729929479999,0.0,0,0.0,0.0
1729929480000,66996.39,66996.39,66996.39,66996.39,0.00015,1729929539999,10.0494585,1,0.0,0.0
1729929540000,66996.39,66996.39,66996.39,66996.39,0.0,1729929599999,0.0,0,0.0,0.0
1729929600000,66994.98,66994.98,66994.98,66994.98,0.00177,1729929659999,118.5811146,2,0.0,0.0
1729929660000,66994.98,66994.98,66994.98,66994.98,0.0,1729929719999,0.0,0,0.0,0.0
1729929720000,66994.98,66994.98,66994.98,66994.98,0.0,1729929779999,0.0,0,0.0,0.0
1729929780000,67071.13,67071.13,67071.13,67071.13,0.00331,1729929839999,222.0054403,1,0.00331,222.0054403
1729929840000,67071.13,67071.13,67071.13,67071.13,0.0,1729929899999,0.0,0,0.0,0.0
1729929900000,67079.47,67079.47,67079.47,67079.47,8e-05,1729929959999,5.3663576,1,8e-05,5.3663576
1729929960000,67087.26,67087.26,67087.26,67087.26,5e-05,1729930019999,3.354363,2,5e-05,3.354363
1729930020000,67102.94,67102.94,67102.94,67102.94,2e-05,1729930079999,1.3420588,1,2e-05,1.3420588
1729930080000,67008.45,67008.45,67008.45,67008.45,5e-05,1729930139999,3.3504225,1,0.0,0.0
1729930140000,67008.45,67008.45,67008.45,67008.45,0.0,1729930199999,0.0,0,0.0,0.0
1729930200000,67008.45,67008.45,67008.45,67008.45,0.0,1729930259999,0.0,0,0.0,0.0
1729930260000,67008.45,67008.45,67008.45,67008.45,0.0,1729930319999,0.0,0,0.0,0.0
1729930320000,67008.45,67008.45,67008.45,67008.45,0.0,1729930379999,0.0,0,0.0,0.0
1729930380000,67008.45,67008.45,67008.45,67008.45,0.0,1729930439999,0.0,0,0.0,0.0
1729930440000,67008.45,67008.45,67008.45,67008.45,0.0,1729930499999,0.0,0,0.0,0.0
1729930500000,67008.45,67008.45,67008.45,67008.45,0.0,1729930559999,0.0,0,0.0,0.0
1729930560000,67008.45,67008.45,67008.45,67008.45,0.0,1729930619999,0.0,0,0.0,0.0
1729930620000,67008.45,67008.45,67008.45,67008.45,0.0,1729930679999,0.0,0,0.0,0.0
1729930680000,67008.45,67008.45,67008.45,67008.45,0.0,1729930739999,0.0,0,0.0,0.0
1729930740000,67008.45,67008.45,67008.45,67008.45,0.0,1729930799999,0.0,0,0.0,0.0
1729930800000,67020.17,67020.17,67020.17,67020.17,6e-05,1729930859999,4.0212102,1,0.0,0.0
1729930860000,67020.58,67020.58,67020.58,67020.58,2e-05,1729930919999,1.3404116,1,0.0,0.0
1729930920000,67020.58,67020.58,67020.58,67020.58,0.0,1729930979999,0.0,0,0.0,0.0
1729930980000,67020.58,67020.58,67020.58,67020.58,0.0,1729931039999,0.0,0,0.0,0.0
1729931040000,67020.58,67020.58,67020.58,67020.58,0.0,1729931099999,0.0,0,0.0,0.0
1729931100000,67020.58,67020.58,67020.58,67020.58,0.0,1729931159999,0.0,0,0.0,0.0
1729931160000,67020.58,67020.58,67020.58,67020.58,0.0,1729931219999,0.0,0,0.0,0.0
1729931220000,67020.58,67020.58,67020.58,67020.58,0.0,1729931279999,0.0,0,0.0,0.0
1729931280000,67020.58,67020.58,67020.58,67020.58,0.0,1729931339999,0.0,0,0.0,0.0
1729931340000,67020.58,67020.58,67020.58,67020.58,0.0,1729931399999,0.0,0,0.0,0.0
1729931400000,67020.58,67020.58,67020.58,67020.58,0.0,1729931459999,0.0,0,0.0,0.0
1729931460000,67020.58,67020.58,67020.58,67020.58,0.0,1729931519999,0.0,0,0.0,0.0
1729931520000,67020.58,67020.58,67020.58,67020.58,0.0,1729931579999,0.0,0,0.0,0.0
1729931580000,67020.58,67020.58,67020.58,67020.58,0.0,1729931639999,0.0,0,0.0,0.0
1729931640000,67020.58,67020.58,67020.58,67020.58,0.0,1729931699999,0.0,0,0.0,0.0
1729931700000,67085.3,67085.3,67085.3,67085.3,2e-05,1729931759999,1.341706,1,0.0,0.0
1729931760000,67085.41,67085.41,67085.41,67085.41,2e-05,1729931819999,1.3417082,1,0.0,0.0
1729931820000,67085.41,67085.41,67085.41,67085.41,0.0,1729931879999,0.0,0,0.0,0.0
1729931880000,67085.41,67085.41,67085.41,67085.41,0.0,1729931939999,0.0,0,0.0,0.0
1729931940000,67085.41,67085.41,67085.41,67085.41,0.0,1729931999999,0.0,0,0.0,0.0
1729932000000,67074.04,67074.04,67074.04,67074.04,3e-05,1729932059999,2.0122212,1,0.0,0.0
1729932060000,67074.04,67074.04,67074.04,67074.04,0.0,1729932119999,0.0,0,0.0,0.0
1729932120000,67074.04,67074.04,67074.04,67074.04,0.0,1729932179999,0.0,0,0.0,0.0
1729932180000,67074.04,67074.04,67074.04,67074.04,0.0,1729932239999,0.0,0,0.0,0.0
1729932240000,67074.04,67074.04,67074.04,67074.04,0.0,1729932299999,0.0,0,0.0,0.0
1729932300000,67074.04,67074.04,67074.04,67074.04,0.0,1729932359999,0.0,0,0.0,0.0
1729932360000,67074.04,67074.04,67074.04,67074.04,0.0,1729932419999,0.0,0,0.0,0.0
1729932420000,67077.54,67077.54,67077.54,67077.54,2e-05,1729932479999,1.3415508,1,0.0,0.0
1729932480000,67077.54,67077.54,67077.54,67077.54,0.0,1729932539999,0.0,0,0.0,0.0
1729932540000,67077.54,67077.54,67077.54,67077.54,0.0,1729932599999,0.0,0,0.0,0.0
1729932600000,67077.54,67077.54,67077.54,67077.54,0.0,1729932659999,0.0,0,0.0,0.0
1729932660000,67077.54,67077.54,67077.54,67077.54,0.0,1729932719999,0.0,0,0.0,0.0
1729932720000,67077.54,67077.54,67077.54,67077.54,0.0,1729932779999,0.0,0,0.0,0.0
1729932780000,67077.54,67077.54,67077.54,67077.54,0.0,1729932839999,0.0,0,0.0,0.0
1729932840000,67077.54,67077.54,67077.54,67077.54,0.0,1729932899999,0.0,0,0.0,0.0
1729932900000,67089.44,67089.44,67089.44,67089.44,2e-05,1729932959999,1.3417888,1,0.0,0.0
1729932960000,67089.44,67089.44,67089.44,67089.44,2e-05,1729933019999,1.3417888,1,0.0,0.0
1729933020000,67089.44,67089.44,67089.44,67089.44,0.0,1729933079999,0.0,0,0.0,0.0
1729933080000,67089.44,67089.44,67089.44,67089.44,0.0,1729933139999,0.0,0,0.0,0.0
1729933140000,67089.44,67089.44,67089.44,67089.44,0.0,1729933199999,0.0,0,0.0,0.0
1729933200000,67160.28,67160.28,67160.28,67160.28,0.0133,1729933259999,893.231724,2,0.0133,893.231724
1729933260000,67160.28,67160.28,67160.28,67160.28,0.0,1729933319999,0.0,0,0.0,0.0
1729933320000,67160.28,67160.28,67160.28,67160.28,0.0,1729933379999,0.0,0,0.0,0.0
1729933380000,67160.28,67160.28,67160.28,67160.28,0.0,1729933439999,0.0,0,0.0,0.0
1729933440000,67160.28,67160.28,67160.28,67160.28,0.0,1729933499999,0.0,0,0.0,0.0
1729933500000,67160.28,67160.28,67160.28,67160.28,0.0,1729933559999,0.0,0,0.0,0.0
1729933560000,67160.28,67160.28,67160.28,67160.28,0.0,1729933619999,0.0,0,0.0,0.0
1729933620000,67160.28,67160.28,67160.28,67160.28,0.0,1729933679999,0.0,0,0.0,0.0
1729933680000,67160.28,67160.28,67160.28,67160.28,0.0,1729933739999,0.0,0,0.0,0.0
1729933740000,67080.23,67080.23,67080.23,67080.23,0.00032,1729933799999,21.4656736,1,0.0,0.0
1729933800000,67080.23,67080.23,67080.23,67080.23,0.0,1729933859999,0.0,0,0.0,0.0
1729933860000,67081.53,67081.53,67081.53,67081.53,2e-05,1729933919999,1.3416306,1,0.0,0.0
1729933920000,67081.53,67081.53,67081.53,67081.53,0.0,1729933979999,0.0,0,0.0,0.0
1729933980000,67081.53,67081.53,67081.53,67081.53,0.0,1729934039999,0.0,0,0.0,0.0
1729934040000,67081.53,67081.53,67081.53,67081.53,0.0,1729934099999,0.0,0,0.0,0.0
1729934100000,67087.59,67087.59,67087.59,67087.59,0.01712,1729934159999,1148.5395408,1,0.0,0.0
1729934160000,67160.2,67160.2,67160.2,67160.2,0.00014,1729934219999,9.402428,1,0.00014,9.402428
1729934220000,67160.2,67160.2,67160.2,67160.2,0.0,1729934279999,0.0,0,0.0,0.0
1729934280000,67160.2,67160.2,67160.2,67160.2,0.0,1729934339999,0.0,0,0.0,0.0
1729934340000,67188.71,67188.71,67188.71,67188.71,0.00651,1729934399999,437.3985021,1,0.00651,437.3985021
1729934400000,67188.71,67188.71,67188.38,67188.38,0.00198,1729934459999,133.0335798,2,0.00198,133.0335798
1729934460000,67188.38,67188.38,67188.38,67188.38,0.0,1729934519999,0.0,0,0.0,0.0
1729934520000,67188.38,67188.38,67188.38,67188.38,0.0,1729934579999,0.0,0,0.0,0.0
1729934580000,67197.96,67197.96,67197.96,67197.96,0.00359,1729934639999,241.2406764,1,0.00359,241.2406764
1729934640000,67190.0,67190.0,67190.0,67190.0,0.15494,1729934699999,10410.4186,4,0.15494,10410.4186
1729934700000,67229.12,67229.12,67229.0,67229.01,0.01415,1729934759999,951.2904283,5,0.01415,951.2904283
1729934760000,67229.99,67229.99,67144.98,67144.98,0.00155,1729934819999,104.1214745,3,0.00055,36.9764945
1729934820000,67144.98,67144.98,67144.98,67144.98,0.0,1729934879999,0.0,0,0.0,0.0
1729934880000,67163.29,67207.0,67163.29,67207.0,0.0113,1729934939999,759.4238015,2,0.0,0.0
1729934940000,67207.0,67207.0,67207.0,67207.0,0.00021,1729934999999,14.11347,1,0.0,0.0
1729935000000,67207.01,67207.01,67207.0,67207.0,0.00207,1729935059999,139.1184903,2,0.0,0.0
1729935060000,67207.0,67207.0,67207.0,67207.0,0.041,1729935119999,2755.487,5,0.0,0.0
1729935120000,67207.0,67207.0,67141.01,67141.01,0.10083,1729935179999,6776.4804902,2,0.0,0.0
1729935180000,67141.01,67141.01,67141.01,67141.01,0.0,1729935239999,0.0,0,0.0,0.0
1729935240000,67141.01,67141.01,67141.01,67141.01,0.0,1729935299999,0.0,0,0.0,0.0
1729935300000,67141.01,67141.01,67141.01,67141.01,0.0,1729935359999,0.0,0,0.0,0.0
1729935360000,67141.01,67141.01,67141.01,67141.01,0.0,1729935419999,0.0,0,0.0,0.0
1729935420000,67131.35,67131.35,67131.35,67131.35,8e-05,1729935479999,5.370508,1,0.0,0.0
1729935480000,67131.35,67131.35,67131.35,67131.35,0.0,1729935539999,0.0,0,0.0,0.0
1729935540000,67131.35,67131.35,67131.35,67131.35,0.0,1729935599999,0.0,0,0.0,0.0
1729935600000,67131.35,67131.35,67131.35,67131.35,0.0,1729935659999,0.0,0,0.0,0.0
1729935660000,67126.99,67126.99,67126.99,67126.99,2e-05,1729935719999,1.3425398,1,0.0,0.0
1729935720000,67126.99,67126.99,67126.99,67126.99,0.0,1729935779999,0.0,0,0.0,0.0
1729935780000,67126.99,67126.99,67126.99,67126.99,0.0,1729935839999,0.0,0,0.0,0.0
1729935840000,67126.99,67126.99,67126.99,67126.99,0.0,1729935899999,0.0,0,0.0,0.0
1729935900000,67126.59,67126.59,67126.59,67126.59,3e-05,1729935959999,2.0137977,1,0.0,0.0
1729935960000,67126.61,67126.61,67126.61,67126.61,2e-05,1729936019999,1.3425322,1,0.0,0.0
1729936020000,67115.87,67191.62,67115.87,67191.62,0.00082,1729936079999,55.0956134,2,0.0008,53.753296
1729936080000,67191.62,67191.62,67191.62,67191.62,0.0,1729936139999,0.0,0,0.0,0.0
1729936140000,67191.62,67191.62,67191.62,67191.62,0.0,1729936199999,0.0,0,0.0,0.0
1729936200000,67191.62,67191.62,67191.62,67191.62,0.0,1729936259999,0.0,0,0.0,0.0
1729936260000,67112.13,67112.27,67112.13,67112.27,4e-05,1729936319999,2.684488,2,0.0,0.0
1729936320000,67112.27,67112.27,67112.27,67112.27,0.0,1729936379999,0.0,0,0.0,0.0
1729936380000,67112.27,67112.27,67112.27,67112.27,0.0,1729936439999,0.0,0,0.0,0.0
1729936440000,67112.27,67112.27,67112.27,67112.27,0.0,1729936499999,0.0,0,0.0,0.0
1729936500000,67112.27,67112.27,67112.27,67112.27,0.0,1729936559999,0.0,0,0.0,0.0
1729936560000,67104.94,67173.66,67104.94,67173.66,0.00054,1729936619999,36.272402,2,0.00052,34.9303032
1729936620000,67096.21,67096.21,67081.31,67081.31,0.00089,1729936679999,59.7135409,2,0.0,0.0
1729936680000,67081.31,67081.31,67081.31,67081.31,0.0,1729936739999,0.0,0,0.0,0.0
1729936740000,67096.22,67096.22,67096.22,67096.22,0.00075,1729936799999,50.322165,2,0.0,0.0
1729936800000,67145.37,67145.38,67145.25,67145.25,0.0261,1729936859999,1752.4921169,6,0.0261,1752.4921169
1729936860000,67145.15,67145.15,67145.13,67145.13,0.00178,1729936919999,119.5183474,2,0.00178,119.5183474
1729936920000,67145.08,67145.37,67145.08,67145.33,0.05246,1729936979999,3522.4460196,6,0.05246,3522.4460196
1729936980000,67145.33,67145.37,67145.31,67145.37,0.00442,1729937039999,296.7824568,8,0.00442,296.7824568
1729937040000,67145.37,67145.37,67145.37,67145.37,0.0,1729937099999,0.0,0,0.0,0.0
1729937100000,67144.57,67144.57,67144.57,67144.57,4e-05,1729937159999,2.6857828,1,4e-05,2.6857828
1729937160000,67144.57,67144.57,67144.57,67144.57,0.0,1729937219999,0.0,0,0.0,0.0
1729937220000,67144.57,67144.57,67144.57,67144.57,0.0,1729937279999,0.0,0,0.0,0.0
1729937280000,67145.33,67145.37,67145.33,67145.35,9e-05,1729937339999,6.0430813,3,9e-05,6.0430813
1729937340000,67145.35,67145.35,67145.35,67145.35,0.0,1729937399999,0.0,0,0.0,0.0
1729937400000,67145.35,67145.35,67145.35,67145.35,2e-05,1729937459999,1.342907,1,2e-05,1.342907
1729937460000,67143.18,67143.18,67143.18,67143.18,4e-05,1729937519999,2.6857272,2,4e-05,2.6857272
1729937520000,67143.18,67143.18,67143.18,67143.18,0.0,1729937579999,0.0,0,0.0,0.0
1729937580000,67145.37,67145.37,67145.36,67145.37,0.01255,1729937639999,842.6743859,4,0.01255,842.6743859
1729937640000,67145.37,67145.37,67145.37,67145.37,0.0,1729937699999,0.0,0,0.0,0.0
1729937700000,67145.37,67145.37,67145.37,67145.37,0.0,1729937759999,0.0,0,0.0,0.0
1729937760000,67145.37,67145.37,67145.37,67145.37,0.0,1729937819999,0.0,0,0.0,0.0
1729937820000,67145.38,67145.38,67145.38,67145.38,0.01816,1729937879999,1219.3601008,2,0.01816,1219.3601008
1729937880000,67185.99,67186.0,67093.93,67093.93,0.00418,1729937939999,280.8199564,3,0.00399,268.0721097
1729937940000,67185.99,67185.99,67185.99,67185.99,0.00389,1729937999999,261.3535011,1,0.00389,261.3535011
1729938000000,67185.99,67185.99,67185.99,67185.99,0.0,1729938059999,0.0,0,0.0,0.0
1729938060000,67195.6,67195.6,67195.6,67195.6,0.00546,1729938119999,366.887976,2,0.00546,366.887976
1729938120000,67097.5,67097.5,67097.5,67097.5,0.00941,1729938179999,631.387475,1,0.0,0.0
1729938180000,67097.5,67097.5,67097.5,67097.5,0.0,1729938239999,0.0,0,0.0,0.0
1729938240000,67207.69,67207.69,67207.66,67207.66,0.00717,1729938299999,481.8790041,2,0.00717,481.8790041
1729938300000,67207.66,67207.66,67207.66,67207.66,0.00167,1729938359999,112.2367922,1,0.00167,112.2367922
1729938360000,67199.25,67199.25,67199.25,67199.25,0.00204,1729938419999,137.08647,3,0.00204,137.08647
1729938420000,67204.35,67204.35,67204.35,67204.35,0.00253,1729938479999,170.0270055,1,0.00253,170.0270055
1729938480000,67204.35,67204.35,67204.35,67204.35,0.0002,1729938539999,13.44087,1,0.0002,13.44087
1729938540000,67204.35,67204.35,67204.35,67204.35,0.0,1729938599999,0.0,0,0.0,0.0
1729938600000,67204.35,67204.35,67204.35,67204.35,0.0,1729938659999,0.0,0,0.0,0.0
1729938660000,67204.35,67204.35,67204.35,67204.35,0.0,1729938719999,0.0,0,0.0,0.0
1729938720000,67204.35,67204.35,67204.35,67204.35,0.0,1729938779999,0.0,0,0.0,0.0
1729938780000,67204.35,67204.35,67204.35,67204.35,0.0,1729938839999,0.0,0,0.0,0.0
1729938840000,67130.28,67130.28,67130.28,67130.28,0.00092,1729938899999,61.7598576,1,0.0,0.0
1729938900000,67130.28,67130.28,67130.28,67130.28,0.0,1729938959999,0.0,0,0.0,0.0
1729938960000,67130.28,67130.28,67130.28,67130.28,0.0,1729939019999,0.0,0,0.0,0.0
1729939020000,67130.28,67130.28,67130.28,67130.28,0.0,1729939079999,0.0,0,0.0,0.0
1729939080000,67094.34,67094.34,67094.34,67094.34,0.00083,1729939139999,55.6883022,1,0.0,0.0
1729939140000,67094.34,67094.34,67094.34,67094.34,0.0,1729939199999,0.0,0,0.0,0.0
1729939200000,67094.34,67094.34,67094.34,67094.34,0.0,1729939259999,0.0,0,0.0,0.0
1729939260000,67069.18,67157.5,67069.18,67157.5,0.00024,1729939319999,16.1160336,2,0.00022,14.77465
1729939320000,67157.5,67157.5,67157.5,67157.5,0.0,1729939379999,0.0,0,0.0,0.0
1729939380000,67060.88,67060.88,67060.88,67060.88,2e-05,1729939439999,1.3412176,1,0.0,0.0
1729939440000,67060.88,67060.88,67060.88,67060.88,0.0,1729939499999,0.0,0,0.0,0.0
1729939500000,67060.88,67060.88,67060.88,67060.88,0.0,1729939559999,0.0,0,0.0,0.0
1729939560000,67089.04,67089.04,67089.04,67089.04,7e-05,1729939619999,4.6962328,1,7e-05,4.6962328
1729939620000,67089.04,67089.04,67089.04,67089.04,0.0,1729939679999,0.0,0,0.0,0.0
1729939680000,67089.04,67089.04,67089.04,67089.04,0.0,1729939739999,0.0,0,0.0,0.0
1729939740000,67089.04,67089.04,67089.04,67089.04,0.0,1729939799999,0.0,0,0.0,0.0
1729939800000,67089.09,67089.09,67089.09,67089.09,2e-05,1729939859999,1.3417818,1,2e-05,1.3417818
1729939860000,67089.09,67089.09,67089.09,67089.09,0.0,1729939919999,0.0,0,0.0,0.0
1729939920000,67089.09,67089.09,67089.09,67089.09,0.0,1729939979999,0.0,0,0.0,0.0
1729939980000,67119.12,67119.12,67119.12,67119.12,2e-05,1729940039999,1.3423824,1,2e-05,1.3423824
1729940040000,67119.12,67119.12,67119.12,67119.12,0.0,1729940099999,0.0,0,0.0,0.0
1729940100000,67119.12,67119.12,67119.12,67119.12,0.0,1729940159999,0.0,0,0.0,0.0
1729940160000,67119.12,67119.12,67119.12,67119.12,0.0,1729940219999,0.0,0,0.0,0.0
1729940220000,67119.12,67119.12,67119.12,67119.12,0.0,1729940279999,0.0,0,0.0,0.0
1729940280000,67119.12,67119.12,67119.12,67119.12,0.0,1729940339999,0.0,0,0.0,0.0
1729940340000,67119.12,67119.12,67119.12,67119.12,0.0,1729940399999,0.0,0,0.0,0.0
1729940400000,67119.12,67119.12,67119.12,67119.12,0.0,1729940459999,0.0,0,0.0,0.0
1729940460000,67119.12,67119.12,67119.12,67119.12,0.0,1729940519999,0.0,0,0.0,0.0
1729940520000,67032.15,67032.15,67032.15,67032.15,0.00076,1729940579999,50.944434,1,0.0,0.0
1729940580000,67032.15,67032.15,67032.15,67032.15,0.0,1729940639999,0.0,0,0.0,0.0
1729940640000,67088.52,67088.52,67083.45,67083.45,0.00017,1729940699999,11.4046935,2,0.00017,11.4046935
1729940700000,67083.45,67083.45,67083.45,67083.45,0.0,1729940759999,0.0,0,0.0,0.0
1729940760000,67083.45,67083.45,67083.45,67083.45,0.0,1729940819999,0.0,0,0.0,0.0
1729940820000,67083.45,67083.45,67083.45,67083.45,0.0,1729940879999,0.0,0,0.0,0.0
1729940880000,67056.38,67056.38,67056.32,67056.38,0.00056,1729940939999,37.5515634,9,0.00056,37.5515634
1729940940000,66976.88,66976.88,66976.88,66976.88,0.00055,1729940999999,36.837284,1,0.0,0.0
1729941000000,66976.88,66976.88,66976.88,66976.88,0.0,1729941059999,0.0,0,0.0,0.0
1729941060000,66976.88,66976.88,66976.88,66976.88,0.0,1729941119999,0.0,0,0.0,0.0
1729941120000,66976.88,66976.88,66976.88,66976.88,0.0,1729941179999,0.0,0,0.0,0.0
1729941180000,67041.03,67041.03,67041.03,67041.03,0.00028,1729941239999,18.7714884,1,0.00028,18.7714884
1729941240000,67041.03,67041.03,67041.03,67041.03,0.0,1729941299999,0.0,0,0.0,0.0
1729941300000,67041.03,67041.03,67041.03,67041.03,0.0,1729941359999,0.0,0,0.0,0.0
1729941360000,67041.03,67041.03,67041.03,67041.03,0.0,1729941419999,0.0,0,0.0,0.0
1729941420000,67041.03,67041.03,67041.03,67041.03,0.0,1729941479999,0.0,0,0.0,0.0
1729941480000,67107.86,67107.86,67107.86,67107.86,0.00278,1729941539999,186.5598508,1,0.00278,186.5598508
1729941540000,67107.86,67107.86,67107.86,67107.86,0.0,1729941599999,0.0,0,0.0,0.0
1729941600000,67107.75,67107.77,67107.75,67107.77,0.0164,1729941659999,1100.5673782,2,0.0164,1100.5673782
1729941660000,67107.77,67107.77,67107.77,67107.77,0.0,1729941719999,0.0,0,0.0,0.0
1729941720000,67107.77,67107.77,67107.77,67107.77,0.0,1729941779999,0.0,0,0.0,0.0
1729941780000,67014.92,67014.92,67014.92,67014.92,0.00033,1729941839999,22.1149236,1,0.0,0.0
1729941840000,67014.92,67014.92,67014.92,67014.92,0.0,1729941899999,0.0,0,0.0,0.0
1729941900000,67014.92,67014.92,67014.92,67014.92,0.0,1729941959999,0.0,0,0.0,0.0
1729941960000,67105.9,67105.9,67105.9,67105.9,7e-05,1729942019999,4.697413,1,7e-05,4.697413
1729942020000,67105.9,67105.9,67105.9,67105.9,0.0,1729942079999,0.0,0,0.0,0.0
1729942080000,67105.9,67105.9,67105.9,67105.9,0.0,1729942139999,0.0,0,0.0,0.0
1729942140000,67105.9,67105.9,67105.9,67105.9,0.0,1729942199999,0.0,0,0.0,0.0
1729942200000,67019.45,67019.45,67019.45,67019.45,0.00015,1729942259999,10.0529175,1,0.0,0.0
1729942260000,67019.45,67019.45,67019.45,67019.45,0.0,1729942319999,0.0,0,0.0,0.0
1729942320000,67019.45,67019.45,67019.45,67019.45,0.0,1729942379999,0.0,0,0.0,0.0
1729942380000,67022.63,67022.63,67022.63,67022.63,0.00096,1729942439999,64.3417248,1,0.0,0.0
1729942440000,67022.63,67022.63,67022.63,67022.63,0.0,1729942499999,0.0,0,0.0,0.0
1729942500000,67103.34,67103.34,67103.34,67103.34,2e-05,1729942559999,1.3420668,1,2e-05,1.3420668
1729942560000,67103.34,67103.34,67103.34,67103.34,0.0,1729942619999,0.0,0,0.0,0.0
1729942620000,67103.34,67103.34,67103.34,67103.34,0.0,1729942679999,0.0,0,0.0,0.0
1729942680000,67103.34,67103.34,67103.34,67103.34,0.0,1729942739999,0.0,0,0.0,0.0
1729942740000,67103.34,67103.34,67103.34,67103.34,0.0,1729942799999,0.0,0,0.0,0.0
1729942800000,67103.34,67103.34,67103.34,67103.34,0.0,1729942859999,0.0,0,0.0,0.0
1729942860000,67140.35,67140.35,67140.35,67140.35,0.00137,1729942919999,91.9822795,1,0.00137,91.9822795
1729942920000,67140.35,67140.35,67140.35,67140.35,0.0,1729942979999,0.0,0,0.0,0.0
1729942980000,67140.35,67140.35,67140.35,67140.35,0.0,1729943039999,0.0,0,0.0,0.0
1729943040000,67143.35,67143.35,67143.32,67143.33,0.02086,1729943099999,1400.6096794,3,0.02086,1400.6096794
1729943100000,67143.33,67143.33,67143.33,67143.33,0.01832,1729943159999,1230.0658056,2,0.01832,1230.0658056
1729943160000,67143.33,67143.33,67143.33,67143.33,0.0,1729943219999,0.0,0,0.0,0.0
1729943220000,67143.33,67143.33,67143.33,67143.33,0.0,1729943279999,0.0,0,0.0,0.0
1729943280000,67143.33,67143.33,67143.33,67143.33,0.0,1729943339999,0.0,0,0.0,0.0
1729943340000,67072.21,67072.21,67072.21,67072.21,0.00076,1729943399999,50.9748796,1,0.0,0.0
1729943400000,67072.69,67142.26,67072.69,67142.26,0.01452,1729943459999,974.9021367,11,0.01447,971.5485022
1729943460000,67142.26,67142.26,67142.26,67142.26,0.0,1729943519999,0.0,0,0.0,0.0
1729943520000,67142.26,67142.26,67142.26,67142.26,0.0,1729943579999,0.0,0,0.0,0.0
1729943580000,67142.27,67142.27,67142.27,67142.27,0.00295,1729943639999,198.0696965,1,0.00295,198.0696965
1729943640000,67142.27,67142.27,67142.27,67142.27,0.0,1729943699999,0.0,0,0.0,0.0
1729943700000,67142.27,67142.27,67142.27,67142.27,0.0,1729943759999,0.0,0,0.0,0.0
1729943760000,67142.27,67142.27,67142.27,67142.27,0.0,1729943819999,0.0,0,0.0,0.0
1729943820000,67142.27,67142.27,67142.27,67142.27,0.0,1729943879999,0.0,0,0.0,0.0
1729943880000,67142.27,67142.27,67142.27,67142.27,0.0,1729943939999,0.0,0,0.0,0.0
1729943940000,67142.27,67142.27,67142.27,67142.27,0.0,1729943999999,0.0,0,0.0,0.0
1729944000000,67184.71,67184.71,67184.71,67184.71,0.008,1729944059999,537.47768,1,0.008,537.47768
1729944060000,67102.35,67175.61,67102.35,67175.61,5e-05,1729944119999,3.3573153,2,3e-05,2.0152683
1729944120000,67175.61,67175.61,67175.61,67175.61,0.0,1729944179999,0.0,0,0.0,0.0
1729944180000,67175.6,67191.08,67175.6,67191.08,0.00126,1729944239999,84.6553428,2,0.00126,84.6553428
1729944240000,67191.08,67191.08,67191.08,67191.08,0.00221,1729944299999,148.4922868,1,0.00221,148.4922868
1729944300000,67191.08,67191.08,67191.08,67191.08,0.0,1729944359999,0.0,0,0.0,0.0
1729944360000,67115.78,67115.78,67115.78,67115.78,0.00075,1729944419999,50.336835,1,0.0,0.0
1729944420000,67098.51,67098.51,67098.51,67098.51,0.00832,1729944479999,558.2596032,2,0.0,0.0
1729944480000,67094.51,67094.52,67094.51,67094.52,6e-05,1729944539999,4.025671,2,0.0,0.0
1729944540000,67094.52,67094.52,67094.52,67094.52,0.0,1729944599999,0.0,0,0.0,0.0
1729944600000,67094.55,67094.55,67094.55,67094.55,8e-05,1729944659999,5.367564,1,0.0,0.0
1729944660000,67094.55,67094.55,67094.55,67094.55,0.0,1729944719999,0.0,0,0.0,0.0
1729944720000,67094.55,67094.55,67094.55,67094.55,0.0,1729944779999,0.0,0,0.0,0.0
1729944780000,67094.55,67094.55,67094.55,67094.55,0.0,1729944839999,0.0,0,0.0,0.0
1729944840000,67094.55,67094.55,67094.55,67094.55,0.0,1729944899999,0.0,0,0.0,0.0
1729944900000,67094.55,67094.55,67094.55,67094.55,0.0,1729944959999,0.0,0,0.0,0.0
1729944960000,67094.55,67094.55,67094.55,67094.55,0.0,1729945019999,0.0,0,0.0,0.0
1729945020000,67094.55,67094.55,67094.55,67094.55,0.0,1729945079999,0.0,0,0.0,0.0
1729945080000,67094.55,67094.55,67094.55,67094.55,0.0,1729945139999,0.0,0,0.0,0.0
1729945140000,67094.55,67094.55,67094.55,67094.55,0.0,1729945199999,0.0,0,0.0,0.0
1729945200000,67134.8,67134.8,67134.8,67134.8,0.0269,1729945259999,1805.92612,2,0.0269,1805.92612
1729945260000,67134.22,67134.22,67134.22,67134.22,2e-05,1729945319999,1.3426844,1,2e-05,1.3426844
1729945320000,67134.22,67134.22,67134.22,67134.22,0.0,1729945379999,0.0,0,0.0,0.0
1729945380000,67134.1,67134.1,67134.1,67134.1,2e-05,1729945439999,1.342682,1,2e-05,1.342682
1729945440000,67134.1,67134.1,67134.1,67134.1,0.0,1729945499999,0.0,0,0.0,0.0
1729945500000,67134.1,67134.1,67134.1,67134.1,0.0,1729945559999,0.0,0,0.0,0.0
1729945560000,67134.1,67134.1,67134.1,67134.1,0.0,1729945619999,0.0,0,0.0,0.0
1729945620000,67134.1,67134.1,67134.1,67134.1,0.0,1729945679999,0.0,0,0.0,0.0
1729945680000,67134.1,67134.1,67134.1,67134.1,0.0,1729945739999,0.0,0,0.0,0.0
1729945740000,67134.1,67134.1,67134.1,67134.1,0.0,1729945799999,0.0,0,0.0,0.0
1729945800000,66995.31,66995.31,66995.31,66995.31,0.00032,1729945859999,21.4384992,1,0.0,0.0
1729945860000,67095.33,67095.33,67095.33,67095.33,0.00032,1729945919999,21.4705056,1,0.00032,21.4705056
1729945920000,67095.21,67095.21,67095.21,67095.21,2e-05,1729945979999,1.3419042,1,2e-05,1.3419042
1729945980000,67095.21,67095.21,67095.21,67095.21,0.0,1729946039999,0.0,0,0.0,0.0
1729946040000,67095.21,67095.21,67095.21,67095.21,0.0,1729946099999,0.0,0,0.0,0.0
1729946100000,67095.21,67095.21,67095.21,67095.21,0.0,1729946159999,0.0,0,0.0,0.0
1729946160000,67094.75,67094.75,67094.75,67094.75,5e-05,1729946219999,3.3547375,1,5e-05,3.3547375
1729946220000,67000.99,67000.99,67000.99,67000.99,0.0047,1729946279999,314.904653,1,0.0,0.0
1729946280000,67000.99,67000.99,67000.99,67000.99,0.0,1729946339999,0.0,0,0.0,0.0
1729946340000,67000.99,67000.99,67000.99,67000.99,0.0,1729946399999,0.0,0,0.0,0.0
1729946400000,67094.38,67094.38,67094.3,67094.3,0.0003,1729946459999,20.1282956,2,0.0003,20.1282956
1729946460000,67094.11,67094.11,67094.11,67094.11,0.00171,1729946519999,114.7309281,1,0.00171,114.7309281
1729946520000,67008.26,67008.26,67008.26,67008.26,0.00149,1729946579999,99.8423074,1,0.0,0.0
1729946580000,67008.26,67008.26,67008.26,67008.26,0.0,1729946639999,0.0,0,0.0,0.0
1729946640000,67008.26,67008.26,67008.26,67008.26,0.0,1729946699999,0.0,0,0.0,0.0
1729946700000,67094.12,67094.12,67094.12,67094.12,4e-05,1729946759999,2.6837648,1,4e-05,2.6837648
1729946760000,67094.12,67094.12,67094.12,67094.12,2e-05,1729946819999,1.3418824,1,2e-05,1.3418824
1729946820000,67094.12,67094.12,67094.12,67094.12,2e-05,1729946879999,1.3418824,1,2e-05,1.3418824
1729946880000,67094.12,67094.12,67094.12,67094.12,0.01742,1729946939999,1168.7795704,1,0.01742,1168.7795704
1729946940000,67094.12,67094.12,67094.12,67094.12,0.0,1729946999999,0.0,0,0.0,0.0
1729947000000,67094.12,67094.12,67094.12,67094.12,0.0,1729947059999,0.0,0,0.0,0.0
1729947060000,67094.12,67094.12,67094.12,67094.12,0.0,1729947119999,0.0,0,0.0,0.0
1729947120000,67094.12,67094.12,67094.12,67094.12,0.0,1729947179999,0.0,0,0.0,0.0
1729947180000,67094.1,67094.1,67094.1,67094.1,6e-05,1729947239999,4.025646,1,6e-05,4.025646
1729947240000,67094.1,67094.1,67094.1,67094.1,0.0,1729947299999,0.0,0,0.0,0.0
1729947300000,67094.1,67094.1,67094.1,67094.1,0.0,1729947359999,0.0,0,0.0,0.0
1729947360000,67094.1,67094.1,67094.1,67094.1,0.0,1729947419999,0.0,0,0.0,0.0
1729947420000,67092.33,67092.33,67092.33,67092.33,0.00011,1729947479999,7.3801563,1,0.00011,7.3801563
1729947480000,67092.33,67092.33,67092.33,67092.33,0.0,1729947539999,0.0,0,0.0,0.0
1729947540000,67092.33,67092.33,67092.33,67092.33,0.0,1729947599999,0.0,0,0.0,0.0
1729947600000,67092.33,67092.33,67092.33,67092.33,0.0,1729947659999,0.0,0,0.0,0.0
1729947660000,67092.33,67092.33,67092.33,67092.33,0.0,1729947719999,0.0,0,0.0,0.0
1729947720000,67092.33,67092.33,67092.33,67092.33,0.0,1729947779999,0.0,0,0.0,0.0
1729947780000,67092.33,67092.33,67092.33,67092.33,0.0,1729947839999,0.0,0,0.0,0.0
1729947840000,67091.98,67091.99,67091.98,67091.99,0.00254,1729947899999,170.4136524,2,0.00254,170.4136524
1729947900000,67011.93,67011.93,67011.93,67011.93,0.00252,1729947959999,168.8700636,1,0.0,0.0
1729947960000,66998.5,66998.5,66998.5,66998.5,0.00997,1729948019999,667.975045,2,0.0,0.0
1729948020000,66999.25,66999.25,66999.25,66999.25,0.0008,1729948079999,53.5994,1,0.0,0.0
1729948080000,66999.25,66999.25,66999.25,66999.25,0.0,1729948139999,0.0,0,0.0,0.0
1729948140000,66999.25,66999.25,66999.25,66999.25,0.0,1729948199999,0.0,0,0.0,0.0
1729948200000,67070.63,67070.63,67067.82,67067.82,0.00017,1729948259999,11.4015856,2,0.00017,11.4015856
1729948260000,67067.82,67067.82,67067.82,67067.82,0.0,1729948319999,0.0,0,0.0,0.0
1729948320000,67067.82,67067.82,67067.82,67067.82,0.0,1729948379999,0.0,0,0.0,0.0
1729948380000,67067.49,67067.49,67067.49,67067.49,2e-05,1729948439999,1.3413498,1,2e-05,1.3413498
1729948440000,67067.49,67067.49,67067.49,67067.49,0.0,1729948499999,0.0,0,0.0,0.0
1729948500000,67067.49,67067.49,67067.49,67067.49,0.0,1729948559999,0.0,0,0.0,0.0
1729948560000,67065.11,67065.11,67065.11,67065.11,2e-05,1729948619999,1.3413022,1,2e-05,1.3413022
1729948620000,66973.39,67007.05,66928.65,67007.05,0.04497,1729948679999,3011.3677237,8,0.00084,56.285922
1729948680000,67002.38,67002.38,67002.36,67002.36,0.00024,1729948739999,16.0805688,2,0.00024,16.0805688
1729948740000,67002.28,67002.28,66993.67,66993.67,0.00032,1729948799999,21.4404713,2,0.00032,21.4404713
1729948800000,66928.65,66983.88,66928.65,66978.46,0.00082,1729948859999,54.9169665,3,0.00071,47.554815
1729948860000,66970.62,66970.62,66970.61,66970.61,4e-05,1729948919999,2.6788246,2,4e-05,2.6788246
1729948920000,66970.6,66970.6,66970.6,66970.6,0.00641,1729948979999,429.281546,1,0.00641,429.281546
1729948980000,66979.3,67091.99,66979.3,66997.31,0.03091,1729949039999,2071.1583903,8,0.02967,1988.0817223
1729949040000,67091.97,67091.97,67091.97,67091.97,0.00138,1729949099999,92.5869186,1,0.00138,92.5869186
1729949100000,67091.86,67091.86,67091.86,67091.86,5e-05,1729949159999,3.354593,1,5e-05,3.354593
1729949160000,67091.86,67091.86,67091.86,67091.86,0.0,1729949219999,0.0,0,0.0,0.0
1729949220000,67091.86,67091.86,67091.86,67091.86,0.0,1729949279999,0.0,0,0.0,0.0
1729949280000,67091.86,67091.86,67091.86,67091.86,0.0,1729949339999,0.0,0,0.0,0.0
1729949340000,67091.86,67091.86,67091.86,67091.86,0.0,1729949399999,0.0,0,0.0,0.0
1729949400000,67091.86,67091.86,67091.86,67091.86,0.0,1729949459999,0.0,0,0.0,0.0
1729949460000,67013.36,67013.36,67013.36,67013.36,0.00022,1729949519999,14.7429392,1,0.0,0.0
1729949520000,67013.36,67013.36,67013.36,67013.36,0.0,1729949579999,0.0,0,0.0,0.0
1729949580000,67013.36,67013.36,67013.36,67013.36,0.0,1729949639999,0.0,0,0.0,0.0
1729949640000,67013.36,67013.36,67013.36,67013.36,0.0,1729949699999,0.0,0,0.0,0.0
1729949700000,67013.36,67013.36,67013.36,67013.36,0.0,1729949759999,0.0,0,0.0,0.0
1729949760000,67013.36,67013.36,67013.36,67013.36,0.0,1729949819999,0.0,0,0.0,0.0
1729949820000,67013.36,67013.36,67013.36,67013.36,0.0,1729949879999,0.0,0,0.0,0.0
1729949880000,67013.36,67013.36,67013.36,67013.36,0.0,1729949939999,0.0,0,0.0,0.0
1729949940000,67013.36,67013.36,67013.36,67013.36,0.0,1729949999999,0.0,0,0.0,0.0
1729950000000,67013.36,67013.36,67013.36,67013.36,0.0,1729950059999,0.0,0,0.0,0.0
1729950060000,67013.36,67013.36,67013.36,67013.36,0.0,1729950119999,0.0,0,0.0,0.0
1729950120000,67013.36,67013.36,67013.36,67013.36,0.0,1729950179999,0.0,0,0.0,0.0
1729950180000,67013.36,67013.36,67013.36,67013.36,0.0,1729950239999,0.0,0,0.0,0.0
1729950240000,67013.36,67013.36,67013.36,67013.36,0.0,1729950299999,0.0,0,0.0,0.0
1729950300000,67013.36,67013.36,67013.36,67013.36,0.0,1729950359999,0.0,0,0.0,0.0
1729950360000,66970.56,66970.56,66907.73,66907.73,0.0091,1729950419999,609.4283262,3,0.0,0.0
1729950420000,66907.73,66907.73,66907.73,66907.73,0.0,1729950479999,0.0,0,0.0,0.0
1729950480000,66907.73,66907.73,66907.73,66907.73,0.0,1729950539999,0.0,0,0.0,0.0
1729950540000,66907.73,66907.73,66907.73,66907.73,0.0,1729950599999,0.0,0,0.0,0.0
1729950600000,66907.73,66907.73,66907.73,66907.73,0.0,1729950659999,0.0,0,0.0,0.0
1729950660000,66970.67,66970.67,66970.67,66970.67,0.00014,1729950719999,9.3758938,1,0.00014,9.3758938
1729950720000,66970.48,66970.48,66970.46,66970.48,0.00612,1729950779999,409.8592334,13,0.00612,409.8592334
1729950780000,66970.47,66970.48,66970.46,66970.48,0.00189,1729950839999,126.5741926,18,0.00189,126.5741926
1729950840000,66900.0,66900.0,66900.0,66900.0,0.00436,1729950899999,291.684,2,0.0,0.0
1729950900000,66976.66,66976.66,66976.36,66976.36,0.00017,1729950959999,11.3859872,2,0.00017,11.3859872
1729950960000,66976.36,66976.36,66976.36,66976.36,0.0,1729951019999,0.0,0,0.0,0.0
1729951020000,66976.36,66976.36,66976.36,66976.36,0.0,1729951079999,0.0,0,0.0,0.0
1729951080000,66902.18,66902.18,66902.18,66902.18,0.0011,1729951139999,73.592398,1,0.0,0.0
1729951140000,66976.66,66976.66,66976.66,66976.66,0.00299,1729951199999,200.2602134,1,0.00299,200.2602134
1729951200000,66976.66,66976.66,66976.66,66976.66,0.0,1729951259999,0.0,0,0.0,0.0
1729951260000,66976.65,66976.65,66976.65,66976.65,0.00176,1729951319999,117.878904,2,0.00176,117.878904
1729951320000,66976.66,66976.66,66976.66,66976.66,0.00308,1729951379999,206.2881128,4,0.00308,206.2881128
1729951380000,66976.66,66976.66,66976.66,66976.66,5e-05,1729951439999,3.348833,2,5e-05,3.348833
1729951440000,66900.0,66900.0,66900.0,66900.0,0.03274,1729951499999,2190.306,2,0.0,0.0
1729951500000,66953.55,66953.55,66953.55,66953.55,0.00454,1729951559999,303.969117,1,0.00454,303.969117
1729951560000,66953.55,66953.55,66953.55,66953.55,0.0,1729951619999,0.0,0,0.0,0.0
1729951620000,66953.55,66953.55,66953.55,66953.55,0.0,1729951679999,0.0,0,0.0,0.0
1729951680000,66953.55,66953.55,66953.55,66953.55,0.0,1729951739999,0.0,0,0.0,0.0
1729951740000,66900.0,66900.0,66900.0,66900.0,0.00792,1729951799999,529.848,1,0.0,0.0
1729951800000,66936.19,66946.75,66936.19,66946.75,0.00053,1729951859999,35.4787151,2,0.00053,35.4787151
1729951860000,66971.98,66983.69,66971.98,66983.69,0.00063,1729951919999,42.1953482,3,0.00063,42.1953482
1729951920000,66983.69,66983.69,66983.69,66983.69,0.0,1729951979999,0.0,0,0.0,0.0
1729951980000,66983.69,66983.69,66983.69,66983.69,0.0,1729952039999,0.0,0,0.0,0.0
1729952040000,66983.69,66983.69,66983.69,66983.69,0.0,1729952099999,0.0,0,0.0,0.0
1729952100000,67002.75,67002.75,67002.75,67002.75,0.00051,1729952159999,34.1714025,2,0.00051,34.1714025
1729952160000,67002.75,67002.75,67002.75,67002.75,0.0,1729952219999,0.0,0,0.0,0.0
1729952220000,67004.99,67004.99,66900.0,66900.0,0.00043,1729952279999,28.7691024,3,2e-05,1.3400998
1729952280000,66900.0,66900.0,66900.0,66900.0,0.0,1729952339999,0.0,0,0.0,0.0
1729952340000,66900.0,66900.0,66900.0,66900.0,0.0,1729952399999,0.0,0,0.0,0.0
1729952400000,66900.0,66900.0,66900.0,66900.0,0.0,1729952459999,0.0,0,0.0,0.0
1729952460000,66900.0,66900.0,66900.0,66900.0,0.0,1729952519999,0.0,0,0.0,0.0
1729952520000,66900.0,66900.0,66900.0,66900.0,0.0,1729952579999,0.0,0,0.0,0.0
1729952580000,66970.97,66970.97,66900.0,66900.0,0.00818,1729952639999,547.6813043,3,0.00619,414.5503043
1729952640000,66900.0,66900.0,66900.0,66900.0,0.0,1729952699999,0.0,0,0.0,0.0
1729952700000,66977.31,66979.45,66977.31,66979.45,0.00169,1729952759999,113.1917395,2,0.00169,113.1917395
1729952760000,66977.92,66977.92,66977.92,66977.92,0.00109,1729952819999,73.0059328,1,0.00109,73.0059328
1729952820000,66900.06,66900.06,66900.0,66900.0,0.00632,1729952879999,422.8080426,2,0.0,0.0
1729952880000,66900.01,66900.01,66900.01,66900.01,0.00037,1729952939999,24.7530037,1,0.0,0.0
1729952940000,66900.01,66900.01,66900.01,66900.01,0.0,1729952999999,0.0,0,0.0,0.0
1729953000000,66971.55,66971.55,66971.55,66971.55,4e-05,1729953059999,2.678862,1,4e-05,2.678862
1729953060000,66971.55,66971.55,66971.55,66971.55,0.0,1729953119999,0.0,0,0.0,0.0
1729953120000,66900.0,66900.0,66900.0,66900.0,0.00061,1729953179999,40.809,2,0.0,0.0
1729953180000,66900.0,66900.0,66900.0,66900.0,0.0,1729953239999,0.0,0,0.0,0.0
1729953240000,66900.0,66900.0,66900.0,66900.0,0.0,1729953299999,0.0,0,0.0,0.0
1729953300000,66900.0,66900.0,66900.0,66900.0,0.0,1729953359999,0.0,0,0.0,0.0
1729953360000,66987.76,66987.76,66987.76,66987.76,0.00234,1729953419999,156.7513584,1,0.00234,156.7513584
1729953420000,66970.42,66970.42,66970.42,66970.42,2e-05,1729953479999,1.3394084,1,2e-05,1.3394084
1729953480000,66970.42,66970.42,66970.42,66970.42,0.0,1729953539999,0.0,0,0.0,0.0
1729953540000,66900.0,66900.0,66900.0,66900.0,0.00055,1729953599999,36.795,1,0.0,0.0
1729953600000,66900.0,66900.0,66900.0,66900.0,0.00071,1729953659999,47.499,1,0.0,0.0
1729953660000,66900.0,66900.0,66900.0,66900.0,0.0,1729953719999,0.0,0,0.0,0.0
1729953720000,66900.0,66900.0,66900.0,66900.0,0.00332,1729953779999,222.108,3,0.0,0.0
1729953780000,66900.0,66900.0,66900.0,66900.0,0.00172,1729953839999,115.068,2,0.0,0.0
1729953840000,66900.0,66900.0,66900.0,66900.0,0.0,1729953899999,0.0,0,0.0,0.0
1729953900000,66962.02,66962.02,66962.02,66962.02,2e-05,1729953959999,1.3392404,1,2e-05,1.3392404
1729953960000,66900.01,66944.6,66900.0,66944.6,0.0315,1729954019999,2107.3799203,3,0.00067,44.852882
1729954020000,66941.47,66941.49,66900.0,66941.49,0.00071,1729954079999,47.5048036,7,0.00014,9.3718036
1729954080000,66900.0,66900.0,66876.55,66876.55,0.01349,1729954139999,902.467322,5,0.0,0.0
1729954140000,66876.55,66913.44,66851.0,66913.14,0.0128,1729954199999,856.2191884,12,0.00674,450.9961032
1729954200000,66851.0,66911.39,66851.0,66911.39,0.01009,1729954259999,674.5392719,3,0.00021,14.0513919
1729954260000,66851.01,66851.01,66851.0,66851.0,0.00426,1729954319999,284.7852696,2,0.0,0.0
1729954320000,66851.01,66851.01,66851.01,66851.01,0.00066,1729954379999,44.1216666,1,0.0,0.0
1729954380000,66942.61,66942.61,66851.0,66851.0,0.00639,1729954439999,427.433358,13,0.00279,186.7697127
1729954440000,66851.0,66851.0,66851.0,66851.0,0.0,1729954499999,0.0,0,0.0,0.0
1729954500000,66930.46,66930.46,66851.01,66851.01,0.0001,1729954559999,6.6890735,2,5e-05,3.346523
1729954560000,66851.01,66851.01,66851.01,66851.01,0.0,1729954619999,0.0,0,0.0,0.0
1729954620000,66851.01,66851.01,66851.01,66851.01,0.00138,1729954679999,92.2543938,3,0.0,0.0
1729954680000,66851.0,66896.77,66851.0,66896.77,0.00027,1729954739999,18.0529739,2,7e-05,4.6827739
1729954740000,66851.0,66912.71,66851.0,66912.71,0.00358,1729954799999,239.3695488,7,0.00088,58.8718488
1729954800000,66912.71,66912.71,66912.71,66912.71,0.0,1729954859999,0.0,0,0.0,0.0
1729954860000,66912.71,66912.71,66912.71,66912.71,0.0,1729954919999,0.0,0,0.0,0.0
1729954920000,66912.71,66912.71,66912.71,66912.71,0.0,1729954979999,0.0,0,0.0,0.0
1729954980000,66912.71,66912.71,66912.71,66912.71,0.0,1729955039999,0.0,0,0.0,0.0
1729955040000,66912.7,66912.7,66912.7,66912.7,7e-05,1729955099999,4.683889,1,7e-05,4.683889
1729955100000,66912.7,66912.7,66851.4,66912.7,0.00447,1729955159999,298.9631088,5,0.00224,149.884448
1729955160000,66912.7,66912.7,66912.68,66912.68,8e-05,1729955219999,5.353015,2,8e-05,5.353015
1729955220000,66851.0,66851.0,66851.0,66851.0,0.00025,1729955279999,16.71275,1,0.0,0.0
1729955280000,66912.68,66912.68,66912.68,66912.68,2e-05,1729955339999,1.3382536,1,2e-05,1.3382536
1729955340000,66912.68,66912.68,66912.68,66912.68,0.0,1729955399999,0.0,0,0.0,0.0
1729955400000,66912.7,66912.7,66912.7,66912.7,0.00056,1729955459999,37.471112,2,0.00056,37.471112
1729955460000,66912.68,66912.68,66912.68,66912.68,0.01169,1729955519999,782.2092292,1,0.01169,782.2092292
1729955520000,66912.68,66912.68,66912.68,66912.68,0.0,1729955579999,0.0,0,0.0,0.0
1729955580000,66912.68,66912.68,66912.68,66912.68,0.0,1729955639999,0.0,0,0.0,0.0
1729955640000,66912.68,66912.68,66912.68,66912.68,0.0,1729955699999,0.0,0,0.0,0.0
1729955700000,66912.7,66912.7,66912.7,66912.7,2e-05,1729955759999,1.338254,1,2e-05,1.338254
1729955760000,66912.7,66912.7,66912.7,66912.7,0.0,1729955819999,0.0,0,0.0,0.0
1729955820000,66851.0,66912.46,66851.0,66912.46,0.00097,1729955879999,64.8466992,2,2e-05,1.3382492
1729955880000,66912.38,66912.38,66851.0,66851.0,0.00026,1729955939999,17.3831014,2,3e-05,2.0073714
1729955940000,66851.37,66851.37,66851.37,66851.37,0.02646,1729955999999,1768.8872502,1,0.0,0.0
1729956000000,66912.7,66912.71,66912.7,66912.71,0.00253,1729956059999,169.289156,2,0.00253,169.289156
1729956060000,66962.02,66962.02,66962.0,66962.0,0.0001,1729956119999,6.6962008,2,0.0001,6.6962008
1729956120000,66962.0,66962.0,66955.66,66955.66,4e-05,1729956179999,2.6783532,2,4e-05,2.6783532
1729956180000,66955.66,66955.66,66955.66,66955.66,9e-05,1729956239999,6.0260094,2,9e-05,6.0260094
1729956240000,66955.66,66955.66,66955.66,66955.66,0.0,1729956299999,0.0,0,0.0,0.0
1729956300000,66947.16,66947.16,66947.16,66947.16,5e-05,1729956359999,3.347358,1,5e-05,3.347358
1729956360000,66947.16,66947.16,66947.16,66947.16,0.0,1729956419999,0.0,0,0.0,0.0
1729956420000,66938.77,66938.77,66938.77,66938.77,0.00193,1729956479999,129.1918261,2,0.00059,39.4938743
1729956480000,66938.77,66938.77,66938.77,66938.77,0.0,1729956539999,0.0,0,0.0,0.0
1729956540000,66938.77,66938.77,66938.77,66938.77,0.0,1729956599999,0.0,0,0.0,0.0
1729956600000,66957.77,66960.8,66957.77,66960.8,0.00081,1729956659999,54.2371269,2,0.00081,54.2371269
1729956660000,66961.96,66961.96,66870.88,66870.88,0.01513,1729956719999,1012.7245948,2,0.01063,711.8056348
1729956720000,66870.88,66870.88,66870.88,66870.88,0.0,1729956779999,0.0,0,0.0,0.0
1729956780000,66900.88,66900.88,66900.88,66900.88,0.01519,1729956839999,1016.2243672,1,0.0,0.0
1729956840000,66962.0,66962.0,66962.0,66962.0,2e-05,1729956899999,1.33924,1,2e-05,1.33924
1729956900000,66899.11,66899.11,66899.11,66899.11,4e-05,1729956959999,2.6759644,1,0.0,0.0
1729956960000,66899.11,66899.11,66899.11,66899.11,0.0,1729957019999,0.0,0,0.0,0.0
1729957020000,66899.11,66899.11,66899.11,66899.11,0.0,1729957079999,0.0,0,0.0,0.0
1729957080000,66890.49,66890.49,66890.49,66890.49,3e-05,1729957139999,2.0067147,1,0.0,0.0
1729957140000,66890.49,66890.49,66890.49,66890.49,0.0,1729957199999,0.0,0,0.0,0.0
1729957200000,66890.49,66890.49,66890.49,66890.49,0.0,1729957259999,0.0,0,0.0,0.0
1729957260000,66962.0,67035.94,66962.0,67035.94,0.00453,1729957319999,303.3527284,5,0.00453,303.3527284
1729957320000,67035.94,67035.94,67035.94,67035.94,0.0,1729957379999,0.0,0,0.0,0.0
1729957380000,66944.57,66944.57,66944.57,66944.57,0.01761,1729957439999,1178.8938777,1,0.0,0.0
1729957440000,66944.57,66944.57,66944.57,66944.57,0.0,1729957499999,0.0,0,0.0,0.0
1729957500000,66944.57,66944.57,66944.57,66944.57,0.0,1729957559999,0.0,0,0.0,0.0
1729957560000,66944.57,66944.57,66944.57,66944.57,0.0,1729957619999,0.0,0,0.0,0.0
1729957620000,66944.57,66944.57,66944.57,66944.57,0.0,1729957679999,0.0,0,0.0,0.0
1729957680000,66944.57,66944.57,66944.57,66944.57,0.0,1729957739999,0.0,0,0.0,0.0
1729957740000,66944.57,66944.57,66944.57,66944.57,0.0,1729957799999,0.0,0,0.0,0.0
1729957800000,66899.41,66899.41,66899.41,66899.41,2e-05,1729957859999,1.3379882,1,0.0,0.0
1729957860000,66899.41,66899.41,66899.41,66899.41,0.0,1729957919999,0.0,0,0.0,0.0
1729957920000,66899.41,66899.41,66899.41,66899.41,2e-05,1729957979999,1.3379882,1,0.0,0.0
1729957980000,66899.41,66899.41,66899.41,66899.41,0.0,1729958039999,0.0,0,0.0,0.0
1729958040000,66882.78,66882.78,66882.78,66882.78,0.00034,1729958099999,22.7401452,1,0.0,0.0
1729958100000,66882.71,66882.74,66882.71,66882.74,0.00032,1729958159999,21.4024759,2,0.0,0.0
1729958160000,66991.34,66996.6,66991.34,66996.6,0.00362,1729958219999,242.5230632,4,0.00362,242.5230632
1729958220000,66996.6,66996.6,66996.6,66996.6,0.0,1729958279999,0.0,0,0.0,0.0
1729958280000,66996.6,66996.6,66996.6,66996.6,0.0,1729958339999,0.0,0,0.0,0.0
1729958340000,66996.6,66996.6,66996.6,66996.6,0.0,1729958399999,0.0,0,0.0,0.0
1729958400000,66969.6,66969.6,66969.6,66969.6,0.01307,1729958459999,875.292672,1,0.01307,875.292672
1729958460000,66969.6,66969.6,66969.6,66969.6,0.0,1729958519999,0.0,0,0.0,0.0
1729958520000,66969.6,66969.6,66969.6,66969.6,0.0,1729958579999,0.0,0,0.0,0.0
1729958580000,66969.61,66969.61,66969.61,66969.61,0.00031,1729958639999,20.7605791,1,0.0,0.0
1729958640000,66969.61,66969.61,66969.61,66969.61,0.0,1729958699999,0.0,0,0.0,0.0
1729958700000,66969.61,66969.61,66969.61,66969.61,0.0,1729958759999,0.0,0,0.0,0.0
1729958760000,66969.61,66969.61,66969.61,66969.61,0.0,1729958819999,0.0,0,0.0,0.0
1729958820000,66969.61,66969.61,66969.61,66969.61,0.0,1729958879999,0.0,0,0.0,0.0
1729958880000,66969.61,66969.61,66969.61,66969.61,0.0,1729958939999,0.0,0,0.0,0.0
1729958940000,66969.61,66969.61,66969.61,66969.61,0.0,1729958999999,0.0,0,0.0,0.0
1729959000000,66969.61,66969.61,66969.61,66969.61,0.0,1729959059999,0.0,0,0.0,0.0
1729959060000,66971.0,66971.0,66971.0,66971.0,0.001,1729959119999,66.971,1,0.0,0.0
1729959120000,66971.0,66971.0,66971.0,66971.0,0.0,1729959179999,0.0,0,0.0,0.0
1729959180000,66971.0,66971.0,66971.0,66971.0,0.0,1729959239999,0.0,0,0.0,0.0
1729959240000,66971.0,66971.0,66971.0,66971.0,0.00013,1729959299999,8.70623,1,0.0,0.0
1729959300000,66971.0,66971.0,66971.0,66971.0,0.0,1729959359999,0.0,0,0.0,0.0
1729959360000,66971.0,66971.0,66971.0,66971.0,0.03002,1729959419999,2010.46942,3,0.0,0.0
1729959420000,66971.0,66971.0,66971.0,66971.0,0.0094,1729959479999,629.5274,2,0.0,0.0
1729959480000,66971.0,66971.0,66971.0,66971.0,0.0,1729959539999,0.0,0,0.0,0.0
1729959540000,66971.0,66971.0,66971.0,66971.0,0.0,1729959599999,0.0,0,0.0,0.0
1729959600000,66971.0,66971.0,66971.0,66971.0,0.0,1729959659999,0.0,0,0.0,0.0
1729959660000,66971.0,66971.0,66971.0,66971.0,0.0,1729959719999,0.0,0,0.0,0.0
1729959720000,66971.0,66971.0,66971.0,66971.0,0.0,1729959779999,0.0,0,0.0,0.0
1729959780000,66971.0,66971.0,66971.0,66971.0,0.0,1729959839999,0.0,0,0.0,0.0
1729959840000,66971.0,66971.0,66971.0,66971.0,0.0,1729959899999,0.0,0,0.0,0.0
1729959900000,66971.0,66971.0,66885.11,66885.11,0.00115,1729959959999,76.9187354,2,0.0,0.0
1729959960000,66885.11,66885.11,66885.11,66885.11,0.0,1729960019999,0.0,0,0.0,0.0
1729960020000,67016.16,67084.8,67016.16,67084.8,0.00386,1729960079999,258.9129973,7,0.00386,258.9129973
1729960080000,67084.79,67084.79,66941.5,66941.5,0.00026,1729960139999,17.4248506,2,0.00014,9.3918706
1729960140000,66941.5,66941.5,66941.5,66941.5,0.02988,1729960199999,2000.21202,1,0.0,0.0
1729960200000,66941.5,66941.5,66941.5,66941.5,0.0,1729960259999,0.0,0,0.0,0.0
1729960260000,67051.25,67051.25,67051.16,67051.16,0.00132,1729960319999,88.5075447,3,0.00132,88.5075447
1729960320000,67051.16,67051.16,67051.16,67051.16,0.0,1729960379999,0.0,0,0.0,0.0
1729960380000,67051.16,67051.16,67051.16,67051.16,0.0,1729960439999,0.0,0,0.0,0.0
1729960440000,66951.15,66951.15,66951.15,66951.15,2e-05,1729960499999,1.339023,1,2e-05,1.339023
1729960500000,66951.15,66951.15,66951.15,66951.15,0.0,1729960559999,0.0,0,0.0,0.0
1729960560000,66951.15,66951.15,66951.15,66951.15,8e-05,1729960619999,5.356092,3,8e-05,5.356092
1729960620000,66951.16,66951.16,66951.16,66951.16,0.00073,1729960679999,48.8743468,3,0.00073,48.8743468
1729960680000,66951.16,66951.16,66951.16,66951.16,5e-05,1729960739999,3.347558,1,5e-05,3.347558
1729960740000,66951.16,66951.16,66951.16,66951.16,0.00552,1729960799999,369.5704032,1,0.00552,369.5704032
1729960800000,66951.16,66951.16,66951.16,66951.16,0.0,1729960859999,0.0,0,0.0,0.0
1729960860000,66885.08,66885.08,66885.08,66885.08,0.00014,1729960919999,9.3639112,1,0.0,0.0
1729960920000,66951.16,66951.16,66951.16,66951.16,0.00108,1729960979999,72.3072528,1,0.00108,72.3072528
1729960980000,66951.15,66951.15,66951.15,66951.15,0.00022,1729961039999,14.729253,2,0.00022,14.729253
1729961040000,66951.15,66951.15,66951.15,66951.15,0.0,1729961099999,0.0,0,0.0,0.0
1729961100000,66951.16,66951.16,66951.16,66951.16,0.00685,1729961159999,458.615446,2,0.00685,458.615446
1729961160000,66951.16,66951.16,66951.16,66951.16,2e-05,1729961219999,1.3390232,1,2e-05,1.3390232
1729961220000,66951.16,66951.16,66951.16,66951.16,0.00028,1729961279999,18.7463248,2,0.00028,18.7463248
1729961280000,66951.16,66951.16,66951.16,66951.16,0.0,1729961339999,0.0,0,0.0,0.0
1729961340000,66951.16,66951.16,66951.16,66951.16,0.0,1729961399999,0.0,0,0.0,0.0
1729961400000,66956.87,66956.87,66956.87,66956.87,0.00185,1729961459999,123.8702095,2,0.0,0.0
1729961460000,66956.87,66956.87,66956.87,66956.87,0.0,1729961519999,0.0,0,0.0,0.0
1729961520000,66956.87,66956.87,66956.87,66956.87,0.0,1729961579999,0.0,0,0.0,0.0
1729961580000,67075.8,67075.8,67075.8,67075.8,0.00018,1729961639999,12.073644,1,0.00018,12.073644
1729961640000,67075.8,67075.8,67075.8,67075.8,0.0,1729961699999,0.0,0,0.0,0.0
1729961700000,66957.58,66957.58,66957.58,66957.58,3e-05,1729961759999,2.0087274,1,0.0,0.0
1729961760000,66974.15,66974.15,66974.15,66974.15,2e-05,1729961819999,1.339483,1,0.0,0.0
1729961820000,66974.15,66974.15,66974.15,66974.15,0.0,1729961879999,0.0,0,0.0,0.0
1729961880000,66974.15,66974.15,66974.15,66974.15,0.0,1729961939999,0.0,0,0.0,0.0
1729961940000,66974.15,66974.15,66974.15,66974.15,0.0,1729961999999,0.0,0,0.0,0.0
1729962000000,66974.15,66974.15,66974.15,66974.15,0.0,1729962059999,0.0,0,0.0,0.0
1729962060000,66974.15,66974.15,66974.15,66974.15,0.0,1729962119999,0.0,0,0.0,0.0
1729962120000,66974.15,66974.15,66974.15,66974.15,0.0,1729962179999,0.0,0,0.0,0.0
1729962180000,66974.15,66974.15,66974.15,66974.15,0.0,1729962239999,0.0,0,0.0,0.0
1729962240000,67080.89,67080.9,67080.89,67080.9,0.1528,1729962299999,10249.9614438,5,0.12887,8644.7155068
1729962300000,67100.49,67100.5,67100.49,67100.5,0.12266,1729962359999,8230.5473272,4,0.12153,8154.7237622
1729962360000,66988.6,66988.6,66988.6,66988.6,0.00039,1729962419999,26.125554,1,0.0,0.0
1729962420000,67088.6,67088.6,67088.6,67088.6,0.00038,1729962479999,25.493668,1,0.00038,25.493668
1729962480000,67015.31,67015.31,67015.31,67015.31,4e-05,1729962539999,2.6806124,1,0.0,0.0
1729962540000,67015.31,67015.31,67015.31,67015.31,0.0,1729962599999,0.0,0,0.0,0.0
1729962600000,67015.31,67015.31,67015.31,67015.31,0.0,1729962659999,0.0,0,0.0,0.0
1729962660000,67015.31,67015.31,67015.31,67015.31,0.0,1729962719999,0.0,0,0.0,0.0
1729962720000,67015.31,67015.31,67015.31,67015.31,0.0,1729962779999,0.0,0,0.0,0.0
1729962780000,67015.31,67015.31,67015.31,67015.31,0.0,1729962839999,0.0,0,0.0,0.0
1729962840000,67127.29,67127.3,67127.29,67127.3,0.00019,1729962899999,12.7541852,5,0.00019,12.7541852
1729962900000,67019.42,67019.42,67019.42,67019.42,2e-05,1729962959999,1.3403884,1,0.0,0.0
1729962960000,67019.42,67019.42,67019.42,67019.42,0.0,1729963019999,0.0,0,0.0,0.0
1729963020000,67020.51,67127.29,67020.51,67020.83,0.00943,1729963079999,632.9815205,5,0.00916,614.8859764
1729963080000,67020.83,67020.83,67020.83,67020.83,0.0,1729963139999,0.0,0,0.0,0.0
1729963140000,67127.29,67127.29,67127.29,67127.29,0.00205,1729963199999,137.6109445,1,0.00205,137.6109445
1729963200000,67127.29,67127.29,67127.29,67127.29,0.0,1729963259999,0.0,0,0.0,0.0
1729963260000,67022.7,67022.7,67022.7,67022.7,0.00207,1729963319999,138.736989,1,0.0,0.0
1729963320000,67023.18,67023.18,67023.18,67023.18,2e-05,1729963379999,1.3404636,1,0.0,0.0
1729963380000,67023.18,67023.18,67023.18,67023.18,0.0,1729963439999,0.0,0,0.0,0.0
1729963440000,67023.18,67023.18,67023.18,67023.18,0.0,1729963499999,0.0,0,0.0,0.0
1729963500000,67123.29,67137.2,67123.29,67137.2,0.01364,1729963559999,915.5967288,2,0.01364,915.5967288
1729963560000,67137.19,67137.19,67137.19,67137.19,0.00047,1729963619999,31.5544793,1,0.00047,31.5544793
1729963620000,67137.19,67137.19,67137.19,67137.19,0.0,1729963679999,0.0,0,0.0,0.0
1729963680000,67047.71,67047.71,67047.71,67047.71,7e-05,1729963739999,4.6933397,1,0.0,0.0
1729963740000,67047.71,67047.71,67047.71,67047.71,0.0,1729963799999,0.0,0,0.0,0.0
1729963800000,67047.71,67047.71,67047.71,67047.71,0.0,1729963859999,0.0,0,0.0,0.0
1729963860000,67047.73,67047.73,67047.73,67047.73,0.00013,1729963919999,8.7162049,1,0.0,0.0
1729963920000,67047.73,67047.73,67047.73,67047.73,0.0,1729963979999,0.0,0,0.0,0.0
1729963980000,67137.19,67137.2,67137.19,67137.2,0.01243,1729964039999,834.5152962,5,0.01243,834.5152962
1729964040000,67149.4,67149.4,67149.4,67149.4,0.0075,1729964099999,503.6205,2,0.0075,503.6205
1729964100000,67183.87,67231.2,67183.87,67231.2,0.00013,1729964159999,8.7348497,2,0.00013,8.7348497
1729964160000,67231.2,67238.5,67231.2,67238.5,0.00122,1729964219999,82.0246484,5,0.00122,82.0246484
1729964220000,67238.5,67238.5,67238.5,67238.5,0.00019,1729964279999,12.775315,1,0.00019,12.775315
1729964280000,67238.5,67238.5,67238.5,67238.5,0.0,1729964339999,0.0,0,0.0,0.0
1729964340000,67238.5,67238.5,67238.5,67238.5,0.0,1729964399999,0.0,0,0.0,0.0
1729964400000,67100.97,67100.97,67100.97,67100.97,0.00072,1729964459999,48.3126984,1,0.0,0.0
1729964460000,67100.97,67100.97,67100.97,67100.97,0.0,1729964519999,0.0,0,0.0,0.0
1729964520000,67100.97,67100.97,67100.97,67100.97,0.0,1729964579999,0.0,0,0.0,0.0
1729964580000,67104.11,67104.11,67104.11,67104.11,0.00894,1729964639999,599.9107434,1,0.0,0.0
1729964640000,67104.11,67104.11,67104.11,67104.11,0.0,1729964699999,0.0,0,0.0,0.0
1729964700000,67104.11,67104.11,67104.11,67104.11,0.0,1729964759999,0.0,0,0.0,0.0
1729964760000,67104.11,67104.11,67104.11,67104.11,0.0,1729964819999,0.0,0,0.0,0.0
1729964820000,67081.74,67081.74,67081.74,67081.74,2e-05,1729964879999,1.3416348,1,0.0,0.0
1729964880000,67081.74,67081.74,67081.74,67081.74,0.0,1729964939999,0.0,0,0.0,0.0
1729964940000,67081.74,67081.74,67081.74,67081.74,0.0,1729964999999,0.0,0,0.0,0.0
1729965000000,67196.78,67196.79,67196.74,67196.79,0.00209,1729965059999,140.4412828,6,0.00209,140.4412828
1729965060000,67196.79,67196.79,67196.79,67196.79,0.0,1729965119999,0.0,0,0.0,0.0
1729965120000,67069.07,67069.07,67069.07,67069.07,0.00012,1729965179999,8.0482884,1,0.0,0.0
1729965180000,67069.07,67069.07,67069.07,67069.07,0.0,1729965239999,0.0,0,0.0,0.0
1729965240000,67069.07,67069.07,67069.07,67069.07,0.0,1729965299999,0.0,0,0.0,0.0
1729965300000,67069.14,67069.14,67069.14,67069.14,7e-05,1729965359999,4.6948398,1,0.0,0.0
1729965360000,67069.14,67069.14,67069.14,67069.14,0.0,1729965419999,0.0,0,0.0,0.0
1729965420000,67069.14,67069.14,67069.14,67069.14,0.0,1729965479999,0.0,0,0.0,0.0
1729965480000,67069.14,67069.14,67069.14,67069.14,0.0,1729965539999,0.0,0,0.0,0.0
1729965540000,67069.14,67069.14,67069.14,67069.14,0.0,1729965599999,0.0,0,0.0,0.0
1729965600000,67069.14,67069.14,67069.14,67069.14,0.0,1729965659999,0.0,0,0.0,0.0
1729965660000,67100.0,67149.1,67100.0,67149.1,0.00149,1729965719999,100.049704,2,0.00149,100.049704
1729965720000,67149.1,67149.1,67149.1,67149.1,0.0,1729965779999,0.0,0,0.0,0.0
1729965780000,67149.1,67149.1,67149.1,67149.1,0.0,1729965839999,0.0,0,0.0,0.0
1729965840000,67066.05,67066.05,67066.05,67066.05,2e-05,1729965899999,1.341321,1,0.0,0.0
1729965900000,67066.53,67066.61,67066.53,67066.61,0.02747,1729965959999,1842.3197435,3,0.0,0.0
1729965960000,67066.61,67066.61,67066.61,67066.61,0.0,1729966019999,0.0,0,0.0,0.0
1729966020000,67066.61,67066.61,67066.61,67066.61,0.0,1729966079999,0.0,0,0.0,0.0
1729966080000,67059.89,67059.89,66951.92,66951.92,1.03716,1729966139999,69540.7890471,10,0.0,0.0
1729966140000,67141.69,67159.75,67141.65,67159.75,0.00924,1729966199999,620.4764856,4,0.00924,620.4764856
1729966200000,67159.75,67169.33,67159.75,67169.33,0.00814,1729966259999,546.6821132,5,0.00814,546.6821132
1729966260000,67169.27,67169.27,67070.47,67169.1,0.00343,1729966319999,230.3565281,3,0.00309,207.5525683
1729966320000,67169.1,67169.1,67169.1,67169.1,0.0,1729966379999,0.0,0,0.0,0.0
1729966380000,67168.72,67168.72,67168.72,67168.72,0.00031,1729966439999,20.8223032,1,0.00031,20.8223032
1729966440000,67168.72,67168.72,67168.72,67168.72,0.0,1729966499999,0.0,0,0.0,0.0
1729966500000,67168.72,67168.72,67168.72,67168.72,0.0,1729966559999,0.0,0,0.0,0.0
1729966560000,67168.72,67168.72,67168.72,67168.72,0.0,1729966619999,0.0,0,0.0,0.0
1729966620000,67071.89,67071.89,67071.89,67071.89,2e-05,1729966679999,1.3414378,1,0.0,0.0
1729966680000,67071.89,67071.89,67071.89,67071.89,0.0,1729966739999,0.0,0,0.0,0.0
1729966740000,67071.89,67071.89,67071.89,67071.89,0.0,1729966799999,0.0,0,0.0,0.0
1729966800000,67073.58,67073.58,67073.58,67073.58,0.00016,1729966859999,10.7317728,2,0.0,0.0
1729966860000,67079.22,67079.22,67079.22,67079.22,2e-05,1729966919999,1.3415844,1,0.0,0.0
1729966920000,67079.22,67079.22,67079.22,67079.22,0.0,1729966979999,0.0,0,0.0,0.0
1729966980000,67079.22,67079.22,67079.22,67079.22,0.0,1729967039999,0.0,0,0.0,0.0
1729967040000,67079.22,67079.22,67079.22,67079.22,0.0,1729967099999,0.0,0,0.0,0.0
1729967100000,67079.34,67079.39,67079.34,67079.39,0.00014,1729967159999,9.3911136,2,0.0,0.0
1729967160000,67079.39,67079.39,67079.39,67079.39,0.0,1729967219999,0.0,0,0.0,0.0
1729967220000,67079.39,67079.47,67079.39,67079.47,0.00015,1729967279999,10.0619157,2,0.0,0.0
1729967280000,67150.19,67150.19,67150.19,67150.19,0.00247,1729967339999,165.8609693,2,0.00247,165.8609693
1729967340000,67079.51,67079.51,67079.51,67079.51,2e-05,1729967399999,1.3415902,1,0.0,0.0
1729967400000,67079.51,67079.51,67079.51,67079.51,0.0,1729967459999,0.0,0,0.0,0.0
1729967460000,67079.51,67079.51,67079.51,67079.51,0.0,1729967519999,0.0,0,0.0,0.0
1729967520000,67079.51,67079.51,67079.51,67079.51,0.0,1729967579999,0.0,0,0.0,0.0
1729967580000,67079.51,67079.51,67079.51,67079.51,0.0,1729967639999,0.0,0,0.0,0.0
1729967640000,67146.6,67146.6,67146.6,67146.6,0.00019,1729967699999,12.757854,1,0.00019,12.757854
1729967700000,67076.68,67076.68,67076.68,67076.68,2e-05,1729967759999,1.3415336,1,0.0,0.0
1729967760000,67076.68,67076.68,67076.68,67076.68,0.0,1729967819999,0.0,0,0.0,0.0
1729967820000,67076.68,67076.68,67076.68,67076.68,0.0,1729967879999,0.0,0,0.0,0.0
1729967880000,67076.68,67076.68,67076.68,67076.68,0.0,1729967939999,0.0,0,0.0,0.0
1729967940000,67076.68,67076.68,67076.68,67076.68,0.0,1729967999999,0.0,0,0.0,0.0
1729968000000,67144.97,67145.18,67144.97,67145.18,0.00733,1729968059999,492.1726805,4,0.00733,492.1726805
1729968060000,67145.18,67145.18,67145.18,67145.18,0.0,1729968119999,0.0,0,0.0,0.0
1729968120000,67145.18,67145.18,67145.18,67145.18,0.0,1729968179999,0.0,0,0.0,0.0
1729968180000,67144.59,67144.59,67144.59,67144.59,0.00227,1729968239999,152.4182193,1,0.00227,152.4182193
1729968240000,67144.59,67144.59,67144.59,67144.59,0.0,1729968299999,0.0,0,0.0,0.0
1729968300000,67144.52,67144.52,67144.52,67144.52,0.03097,1729968359999,2079.4657844,1,0.03097,2079.4657844
1729968360000,67144.52,67144.52,67144.52,67144.52,0.0,1729968419999,0.0,0,0.0,0.0
1729968420000,67077.29,67144.07,67077.29,67144.07,0.0001,1729968479999,6.7130714,2,8e-05,5.3715256
1729968480000,67077.41,67077.41,67077.41,67077.41,0.0064,1729968539999,429.295424,1,0.0,0.0
1729968540000,67130.27,67130.27,67130.27,67130.27,0.00035,1729968599999,23.4955945,1,0.00035,23.4955945
1729968600000,67130.27,67130.27,67130.27,67130.27,0.0,1729968659999,0.0,0,0.0,0.0
1729968660000,67130.27,67130.27,67130.27,67130.27,0.0,1729968719999,0.0,0,0.0,0.0
1729968720000,67130.27,67130.27,67130.27,67130.27,0.0,1729968779999,0.0,0,0.0,0.0
1729968780000,67130.19,67130.19,67130.19,67130.19,0.02771,1729968839999,1860.1775649,1,0.02771,1860.1775649
1729968840000,67130.19,67130.19,67130.19,67130.19,0.0,1729968899999,0.0,0,0.0,0.0
1729968900000,67056.46,67056.46,67056.45,67056.45,0.0004,1729968959999,26.8225832,6,0.0,0.0
1729968960000,67056.45,67056.45,67056.45,67056.45,0.0,1729969019999,0.0,0,0.0,0.0
1729969020000,67056.45,67056.45,67056.45,67056.45,0.0,1729969079999,0.0,0,0.0,0.0
1729969080000,67056.45,67056.45,67056.45,67056.45,0.0,1729969139999,0.0,0,0.0,0.0
1729969140000,67056.45,67056.45,67056.45,67056.45,0.0,1729969199999,0.0,0,0.0,0.0
1729969200000,67056.26,67056.26,67056.26,67056.26,4e-05,1729969259999,2.6822504,1,0.0,0.0
1729969260000,67056.26,67056.26,67056.26,67056.26,2e-05,1729969319999,1.3411252,1,0.0,0.0
1729969320000,67128.66,67130.1,67128.6,67130.1,0.02999,1729969379999,2013.2127008,5,0.02999,2013.2127008
1729969380000,67130.08,67130.47,67130.08,67130.47,0.07013,1729969439999,4707.8481473,15,0.07013,4707.8481473
1729969440000,67130.46,67130.46,67130.44,67130.44,0.00382,1729969499999,256.4383208,4,0.00382,256.4383208
1729969500000,67130.45,67130.45,67130.45,67130.45,0.004,1729969559999,268.5218,1,0.004,268.5218
1729969560000,67130.46,67145.89,67130.46,67145.89,0.01727,1729969619999,1159.404523,5,0.01727,1159.404523
1729969620000,67145.85,67145.9,67145.85,67145.89,0.01497,1729969679999,1005.1739669,5,0.01497,1005.1739669
1729969680000,67145.87,67145.89,67145.87,67145.89,0.01508,1729969739999,1012.5598764,7,0.01508,1012.5598764
1729969740000,67144.55,67144.55,67144.53,67144.53,0.00182,1729969799999,122.2030628,2,0.00182,122.2030628
1729969800000,67144.47,67145.87,67144.47,67145.87,0.00192,1729969859999,128.9179106,4,0.00192,128.9179106
1729969860000,67145.87,67145.87,67145.87,67145.87,0.0202,1729969919999,1356.346574,7,0.0202,1356.346574
1729969920000,67145.87,67145.87,67145.87,67145.87,0.00024,1729969979999,16.1150088,1,0.00024,16.1150088
1729969980000,67068.64,67168.72,67068.64,67168.7,0.12071,1729970039999,8106.507491,21,0.11667,7835.5501854
1729970040000,67168.7,67168.71,67168.7,67168.71,0.01968,1729970099999,1321.8800234,3,0.01968,1321.8800234
1729970100000,67178.96,67178.98,67178.96,67178.98,0.00713,1729970159999,478.9861144,3,0.00713,478.9861144
1729970160000,67178.98,67178.98,67178.98,67178.98,0.0,1729970219999,0.0,0,0.0,0.0
1729970220000,67176.0,67178.98,67176.0,67178.98,0.00339,1729970279999,227.735282,2,0.00339,227.735282
1729970280000,67178.98,67178.98,67100.0,67178.97,0.00946,1729970339999,635.5036385,4,0.00946,635.5036385
1729970340000,67178.97,67178.97,67178.97,67178.97,0.0,1729970399999,0.0,0,0.0,0.0
1729970400000,67178.97,67178.98,67178.97,67178.98,0.00025,1729970459999,16.794744,2,0.00025,16.794744
1729970460000,67097.42,67097.42,67097.42,67097.42,0.00146,1729970519999,97.9622332,1,0.0,0.0
1729970520000,67097.42,67097.42,67097.42,67097.42,0.0,1729970579999,0.0,0,0.0,0.0
1729970580000,67089.8,67089.8,67089.8,67089.8,2e-05,1729970639999,1.341796,1,0.0,0.0
1729970640000,67089.8,67089.8,67089.8,67089.8,0.0,1729970699999,0.0,0,0.0,0.0
1729970700000,67089.96,67089.96,67089.96,67089.96,0.00461,1729970759999,309.2847156,3,0.00031,20.7978876
1729970760000,67089.96,67089.96,67089.79,67089.79,0.0168,1729970819999,1127.1084992,3,0.00016,10.7343936
1729970820000,67089.96,67089.96,67089.96,67089.96,0.00549,1729970879999,368.3238804,3,0.00549,368.3238804
1729970880000,67089.96,67089.96,67089.96,67089.96,0.0,1729970939999,0.0,0,0.0,0.0
1729970940000,67089.96,67089.96,67089.96,67089.96,0.0,1729970999999,0.0,0,0.0,0.0
1729971000000,67089.96,67089.96,67089.96,67089.96,0.0,1729971059999,0.0,0,0.0,0.0
1729971060000,67089.91,67089.91,67089.91,67089.91,2e-05,1729971119999,1.3417982,1,0.0,0.0
1729971120000,67089.91,67089.91,67089.91,67089.91,0.0,1729971179999,0.0,0,0.0,0.0
1729971180000,67089.91,67089.91,67089.91,67089.91,0.0,1729971239999,0.0,0,0.0,0.0
1729971240000,67090.08,67090.08,67090.08,67090.08,2e-05,1729971299999,1.3418016,1,0.0,0.0
1729971300000,67090.08,67090.08,67090.08,67090.08,0.0,1729971359999,0.0,0,0.0,0.0
1729971360000,67090.08,67090.08,67090.08,67090.08,0.0,1729971419999,0.0,0,0.0,0.0
1729971420000,67090.08,67090.08,67090.08,67090.08,0.0,1729971479999,0.0,0,0.0,0.0
1729971480000,67089.97,67089.97,67089.97,67089.97,4e-05,1729971539999,2.6835988,1,0.0,0.0
1729971540000,67089.97,67089.97,67089.97,67089.97,0.0,1729971599999,0.0,0,0.0,0.0
1729971600000,67089.83,67089.83,67089.83,67089.83,3e-05,1729971659999,2.0126949,1,0.0,0.0
1729971660000,67089.78,67089.78,67089.78,67089.78,2e-05,1729971719999,1.3417956,1,0.0,0.0
1729971720000,67089.78,67089.78,67089.78,67089.78,0.0,1729971779999,0.0,0,0.0,0.0
1729971780000,67077.26,67077.26,67077.26,67077.26,0.00015,1729971839999,10.061589,1,0.0,0.0
1729971840000,67077.26,67077.26,67077.26,67077.26,0.0,1729971899999,0.0,0,0.0,0.0
1729971900000,67146.87,67146.87,67146.78,67146.78,9e-05,1729971959999,6.043213,4,9e-05,6.043213
1729971960000,67146.47,67146.47,67146.41,67146.41,4e-05,1729972019999,2.6858576,2,4e-05,2.6858576
1729972020000,67146.41,67146.41,67146.41,67146.41,0.0,1729972079999,0.0,0,0.0,0.0
1729972080000,67146.33,67146.33,67071.65,67146.25,0.0019,1729972139999,127.460015,3,0.00032,21.486808
1729972140000,67146.25,67146.25,67146.25,67146.25,0.0,1729972199999,0.0,0,0.0,0.0
1729972200000,67146.25,67146.25,67146.25,67146.25,0.0,1729972259999,0.0,0,0.0,0.0
1729972260000,67146.25,67146.25,67146.25,67146.25,0.0,1729972319999,0.0,0,0.0,0.0
1729972320000,67146.25,67146.25,67146.25,67146.25,0.0,1729972379999,0.0,0,0.0,0.0
1729972380000,67146.25,67146.25,67146.25,67146.25,0.0,1729972439999,0.0,0,0.0,0.0
1729972440000,67178.99,67191.23,67178.99,67191.23,0.00275,1729972499999,184.767441,5,0.00275,184.767441
1729972500000,67191.23,67191.23,67191.23,67191.23,0.0,1729972559999,0.0,0,0.0,0.0
1729972560000,67097.3,67097.3,67097.3,67097.3,0.0003,1729972619999,20.12919,1,0.0,0.0
1729972620000,67097.3,67097.3,67097.3,67097.3,0.0,1729972679999,0.0,0,0.0,0.0
1729972680000,67097.3,67097.3,67097.3,67097.3,0.0,1729972739999,0.0,0,0.0,0.0
1729972740000,67097.3,67097.3,67097.3,67097.3,0.0,1729972799999,0.0,0,0.0,0.0
1729972800000,67099.75,67099.75,67099.75,67099.75,0.00064,1729972859999,42.94384,1,0.0,0.0
1729972860000,67100.05,67100.05,67100.05,67100.05,2e-05,1729972919999,1.342001,1,0.0,0.0
1729972920000,67207.55,67207.55,67207.55,67207.55,0.00715,1729972979999,480.5339825,2,0.00715,480.5339825
1729972980000,67207.55,67207.55,67207.55,67207.55,0.0,1729973039999,0.0,0,0.0,0.0
1729973040000,67207.55,67207.55,67207.55,67207.55,0.0,1729973099999,0.0,0,0.0,0.0
1729973100000,67207.55,67207.55,67207.55,67207.55,0.0,1729973159999,0.0,0,0.0,0.0
1729973160000,67207.22,67244.21,67207.22,67244.21,0.00241,1729973219999,162.0062309,3,0.00241,162.0062309
1729973220000,67243.96,67243.96,67243.96,67243.96,0.0002,1729973279999,13.448792,2,0.0002,13.448792
1729973280000,67146.53,67146.53,67146.53,67146.53,7e-05,1729973339999,4.7002571,1,0.0,0.0
1729973340000,67243.05,67243.05,67243.05,67243.05,0.00022,1729973399999,14.793471,1,0.00022,14.793471
1729973400000,67243.05,67243.05,67243.05,67243.05,0.0,1729973459999,0.0,0,0.0,0.0
1729973460000,67242.35,67243.25,67152.44,67152.44,0.05131,1729973519999,3450.2492153,4,0.05129,3448.9061665
1729973520000,67242.97,67242.97,67153.32,67242.61,0.01077,1729973579999,724.0075767,4,0.00855,574.9272063
1729973580000,67154.07,67154.07,67154.07,67154.07,0.0002,1729973639999,13.430814,1,0.0,0.0
1729973640000,67154.07,67154.07,67154.07,67154.07,0.0,1729973699999,0.0,0,0.0,0.0
1729973700000,67245.43,67245.54,67245.43,67245.46,0.03271,1729973759999,2199.6010831,7,0.03271,2199.6010831
1729973760000,67251.38,67263.57,67251.38,67263.57,0.00417,1729973819999,280.4832513,4,0.00417,280.4832513
1729973820000,67158.7,67263.16,67158.7,67262.82,0.01041,1729973879999,700.1654183,5,0.00999,671.9587643
1729973880000,67262.82,67262.82,67262.82,67262.82,0.0,1729973939999,0.0,0,0.0,0.0
1729973940000,67262.85,67264.56,67161.89,67161.89,0.00149,1729973999999,100.1244517,4,0.00052,34.9774184
1729974000000,67285.86,67328.6,67203.52,67204.36,0.01456,1729974059999,980.073062,12,0.01428,961.2559826
1729974060000,67234.15,67236.14,67234.15,67236.14,0.00993,1729974119999,667.636709,3,0.0,0.0
1729974120000,67328.6,67357.56,67328.6,67357.48,0.03162,1729974179999,2129.6618082,8,0.03162,2129.6618082
1729974180000,67357.48,67357.48,67357.48,67357.48,0.0552,1729974239999,3718.132896,2,0.0,0.0
1729974240000,67357.48,67357.48,67357.48,67357.48,0.0,1729974299999,0.0,0,0.0,0.0
1729974300000,67357.48,67357.48,67357.48,67357.48,0.02014,1729974359999,1356.5796472,3,0.0,0.0
1729974360000,67357.48,67357.48,67277.89,67277.89,0.21468,1729974419999,14460.3014187,5,0.0,0.0
1729974420000,67277.66,67277.66,67277.66,67277.66,0.00026,1729974479999,17.4921916,1,0.0,0.0
1729974480000,67267.12,67357.41,67267.12,67357.4,0.00208,1729974539999,140.1015809,4,0.00206,138.7562385
1729974540000,67268.46,67268.46,67268.46,67268.46,0.00743,1729974599999,499.8046578,1,0.0,0.0
1729974600000,67357.59,67414.82,67357.59,67414.82,0.0278,1729974659999,1873.2219371,11,0.0204,1374.7395851
1729974660000,67414.82,67414.82,67414.82,67414.82,0.0,1729974719999,0.0,0,0.0,0.0
1729974720000,67294.2,67294.2,67294.2,67294.2,2e-05,1729974779999,1.345884,1,0.0,0.0
1729974780000,67294.2,67294.2,67294.2,67294.2,0.0,1729974839999,0.0,0,0.0,0.0
1729974840000,67330.72,67330.73,67330.72,67330.73,0.00014,1729974899999,9.4263019,2,0.00014,9.4263019
1729974900000,67228.48,67228.48,67228.48,67228.48,0.00547,1729974959999,367.7397856,1,0.0,0.0
1729974960000,67229.38,67326.6,67229.38,67326.6,8e-05,1729975019999,5.3822388,4,4e-05,2.6930636
1729975020000,67326.6,67326.6,67326.6,67326.6,0.0,1729975079999,0.0,0,0.0,0.0
1729975080000,67229.63,67229.79,67229.63,67229.79,8e-05,1729975139999,5.37838,2,0.0,0.0
1729975140000,67229.79,67229.79,67229.79,67229.79,0.0,1729975199999,0.0,0,0.0,0.0
1729975200000,67230.32,67230.32,67230.32,67230.32,9e-05,1729975259999,6.0507288,1,0.0,0.0
1729975260000,67231.15,67231.32,67231.15,67231.32,5e-05,1729975319999,3.3615609,2,0.0,0.0
1729975320000,67231.32,67231.32,67231.32,67231.32,0.0,1729975379999,0.0,0,0.0,0.0
1729975380000,67231.48,67231.48,67231.48,67231.48,2e-05,1729975439999,1.3446296,1,0.0,0.0
1729975440000,67320.56,67320.56,67320.56,67320.56,0.0009,1729975499999,60.588504,1,0.0009,60.588504
1729975500000,67320.56,67320.56,67320.56,67320.56,0.0,1729975559999,0.0,0,0.0,0.0
1729975560000,67229.07,67229.07,67229.07,67229.07,3e-05,1729975619999,2.0168721,1,0.0,0.0
1729975620000,67229.19,67229.21,67229.19,67229.21,4e-05,1729975679999,2.689168,2,0.0,0.0
1729975680000,67229.21,67229.21,67229.21,67229.21,0.0,1729975739999,0.0,0,0.0,0.0
1729975740000,67229.21,67229.21,67229.21,67229.21,0.0,1729975799999,0.0,0,0.0,0.0
1729975800000,67232.74,67325.06,67232.74,67325.06,0.00121,1729975859999,81.354385,2,3e-05,2.0197518
1729975860000,67232.34,67232.34,67232.34,67232.34,2e-05,1729975919999,1.3446468,1,0.0,0.0
1729975920000,67294.99,67294.99,67294.99,67294.99,7e-05,1729975979999,4.7106493,1,7e-05,4.7106493
1729975980000,67294.99,67294.99,67294.99,67294.99,0.0,1729976039999,0.0,0,0.0,0.0
1729976040000,67294.99,67294.99,67294.99,67294.99,0.0,1729976099999,0.0,0,0.0,0.0
1729976100000,67294.99,67294.99,67294.99,67294.99,0.0,1729976159999,0.0,0,0.0,0.0
1729976160000,67294.99,67294.99,67294.99,67294.99,0.0,1729976219999,0.0,0,0.0,0.0
1729976220000,67294.99,67294.99,67294.99,67294.99,0.0,1729976279999,0.0,0,0.0,0.0
1729976280000,67294.99,67294.99,67294.99,67294.99,0.0,1729976339999,0.0,0,0.0,0.0
1729976340000,67294.99,67294.99,67294.99,67294.99,0.0,1729976399999,0.0,0,0.0,0.0
1729976400000,67294.99,67294.99,67294.99,67294.99,0.0,1729976459999,0.0,0,0.0,0.0
1729976460000,67294.99,67294.99,67294.99,67294.99,0.0,1729976519999,0.0,0,0.0,0.0
1729976520000,67294.99,67294.99,67294.99,67294.99,0.0,1729976579999,0.0,0,0.0,0.0
1729976580000,67294.99,67294.99,67294.99,67294.99,0.0,1729976639999,0.0,0,0.0,0.0
1729976640000,67294.99,67294.99,67294.99,67294.99,0.0,1729976699999,0.0,0,0.0,0.0
1729976700000,67294.99,67294.99,67294.99,67294.99,0.0,1729976759999,0.0,0,0.0,0.0
1729976760000,67294.99,67294.99,67294.99,67294.99,0.0,1729976819999,0.0,0,0.0,0.0
1729976820000,67294.82,67294.87,67294.75,67294.87,0.00022,1729976879999,14.8048532,7,0.00022,14.8048532
1729976880000,67287.93,67287.93,67287.93,67287.93,4e-05,1729976939999,2.6915172,1,4e-05,2.6915172
1729976940000,67287.93,67287.93,67287.93,67287.93,0.0,1729976999999,0.0,0,0.0,0.0
1729977000000,67287.93,67287.93,67287.93,67287.93,0.0,1729977059999,0.0,0,0.0,0.0
1729977060000,67259.54,67259.54,67259.54,67259.54,2e-05,1729977119999,1.3451908,1,0.0,0.0
1729977120000,67259.54,67259.54,67259.54,67259.54,0.0,1729977179999,0.0,0,0.0,0.0
1729977180000,67259.54,67259.54,67259.54,67259.54,0.0633,1729977239999,4257.528882,6,0.0,0.0
1729977240000,67259.54,67259.54,67259.54,67259.54,0.0,1729977299999,0.0,0,0.0,0.0
1729977300000,67259.54,67259.54,67259.54,67259.54,0.0,1729977359999,0.0,0,0.0,0.0
1729977360000,67210.58,67210.58,67210.56,67210.56,0.00446,1729977419999,299.759109,2,0.0,0.0
1729977420000,67195.61,67195.61,67195.57,67195.57,0.00149,1729977479999,100.1214137,2,0.0,0.0
1729977480000,67195.51,67195.51,67195.51,67195.51,0.01045,1729977539999,702.1930795,1,0.0,0.0
1729977540000,67270.43,67270.43,67266.39,67266.39,0.00039,1729977599999,26.2347809,2,0.00039,26.2347809
1729977600000,67266.3,67266.31,67266.3,67266.31,0.00164,1729977659999,110.3167464,2,0.00164,110.3167464
1729977660000,67194.89,67194.89,67193.14,67193.14,0.00658,1729977719999,442.1375193,3,0.0,0.0
1729977720000,67265.89,67265.89,67265.89,67265.89,2e-05,1729977779999,1.3453178,1,2e-05,1.3453178
1729977780000,67265.89,67265.89,67265.89,67265.89,5e-05,1729977839999,3.3632945,1,5e-05,3.3632945
1729977840000,67265.89,67265.89,67265.89,67265.89,0.0,1729977899999,0.0,0,0.0,0.0
1729977900000,67265.77,67265.77,67265.77,67265.77,4e-05,1729977959999,2.6906308,1,4e-05,2.6906308
1729977960000,67265.77,67265.81,67265.77,67265.81,0.00108,1729978019999,72.6470616,2,0.00108,72.6470616
1729978020000,67178.98,67178.98,67178.98,67178.98,0.00016,1729978079999,10.7486368,1,0.0,0.0
1729978080000,67261.25,67261.26,67261.25,67261.26,0.00099,1729978139999,66.5886446,2,0.00099,66.5886446
1729978140000,67261.26,67261.26,67261.26,67261.26,0.0,1729978199999,0.0,0,0.0,0.0
1729978200000,67260.08,67260.08,67260.08,67260.08,2e-05,1729978259999,1.3452016,1,2e-05,1.3452016
1729978260000,67179.73,67179.73,67179.73,67179.73,0.00088,1729978319999,59.1181624,1,0.0,0.0
1729978320000,67258.92,67259.58,67258.92,67259.56,0.01589,1729978379999,1068.7542417,8,0.01589,1068.7542417
1729978380000,67259.59,67259.59,67209.6,67209.6,0.00164,1729978439999,110.2462403,4,0.00045,30.2668155
1729978440000,67209.7,67271.27,67209.68,67271.27,0.00079,1729978499999,53.1030384,3,0.00012,8.0725524
1729978500000,67271.27,67271.29,67271.27,67271.29,0.00106,1729978559999,71.3075668,3,0.00106,71.3075668
1729978560000,67292.58,67292.58,67211.93,67211.93,0.00091,1729978619999,61.1644693,2,2e-05,1.3458516
1729978620000,67211.93,67211.93,67211.93,67211.93,0.0,1729978679999,0.0,0,0.0,0.0
1729978680000,67211.93,67211.93,67211.93,67211.93,0.0,1729978739999,0.0,0,0.0,0.0
1729978740000,67211.93,67211.93,67211.93,67211.93,0.0,1729978799999,0.0,0,0.0,0.0
1729978800000,67211.6,67211.6,67211.6,67211.6,9e-05,1729978859999,6.049044,1,9e-05,6.049044
1729978860000,67211.6,67211.6,67211.6,67211.6,0.0,1729978919999,0.0,0,0.0,0.0
1729978920000,67211.6,67211.6,67211.6,67211.6,0.0,1729978979999,0.0,0,0.0,0.0
1729978980000,67144.31,67211.45,67144.26,67211.45,0.00253,1729979039999,169.9085739,4,0.0005,33.6057236
1729979040000,67211.45,67211.45,67211.45,67211.45,0.0,1729979099999,0.0,0,0.0,0.0
1729979100000,67182.8,67182.81,67182.8,67182.81,0.00094,1729979159999,63.1518404,2,0.00094,63.1518404
1729979160000,67182.81,67182.81,67182.81,67182.81,0.0,1729979219999,0.0,0,0.0,0.0
1729979220000,67182.81,67182.81,67182.81,67182.81,0.0,1729979279999,0.0,0,0.0,0.0
1729979280000,67182.13,67182.13,67085.41,67085.41,0.01649,1729979339999,1106.4703465,5,7e-05,4.7027491
1729979340000,67181.3,67181.3,67181.3,67181.3,0.00016,1729979399999,10.749008,1,0.00016,10.749008
1729979400000,67181.3,67181.3,67181.3,67181.3,0.0,1729979459999,0.0,0,0.0,0.0
1729979460000,67181.3,67181.3,67181.3,67181.3,0.0,1729979519999,0.0,0,0.0,0.0
1729979520000,67179.29,67179.29,67179.29,67179.29,7e-05,1729979579999,4.7025503,1,7e-05,4.7025503
1729979580000,67179.29,67179.29,67179.29,67179.29,0.0,1729979639999,0.0,0,0.0,0.0
1729979640000,67179.29,67179.29,67179.29,67179.29,0.0,1729979699999,0.0,0,0.0,0.0
1729979700000,67179.29,67179.29,67179.29,67179.29,0.0,1729979759999,0.0,0,0.0,0.0
1729979760000,67178.82,67178.82,67178.82,67178.82,2e-05,1729979819999,1.3435764,1,2e-05,1.3435764
1729979820000,67178.82,67178.82,67178.82,67178.82,0.0,1729979879999,0.0,0,0.0,0.0
1729979880000,67187.64,67187.64,67187.64,67187.64,2e-05,1729979939999,1.3437528,1,2e-05,1.3437528
1729979940000,67104.43,67104.43,67104.43,67104.43,0.0049,1729979999999,328.811707,1,0.0,0.0
1729980000000,67104.43,67104.43,67104.43,67104.43,0.0,1729980059999,0.0,0,0.0,0.0
1729980060000,67194.94,67194.95,67194.94,67194.95,0.00019,1729980119999,12.7670387,3,0.00019,12.7670387
1729980120000,67234.57,67234.57,67234.57,67234.57,0.00252,1729980179999,169.4311164,1,0.00252,169.4311164
1729980180000,67234.55,67234.56,67234.55,67234.56,0.00071,1729980239999,47.7365362,2,0.00071,47.7365362
1729980240000,67243.28,67243.29,67243.28,67243.29,0.01235,1729980299999,830.4546305,2,0.01235,830.4546305
1729980300000,67243.56,67243.56,67243.56,67243.56,3e-05,1729980359999,2.0173068,1,3e-05,2.0173068
1729980360000,67243.56,67243.56,67243.56,67243.56,0.0,1729980419999,0.0,0,0.0,0.0
1729980420000,67215.66,67215.66,67123.93,67123.93,0.00513,1729980479999,344.3475955,2,2e-05,1.3443132
1729980480000,67123.93,67123.93,67123.93,67123.93,0.0,1729980539999,0.0,0,0.0,0.0
1729980540000,67123.93,67123.93,67123.93,67123.93,0.0,1729980599999,0.0,0,0.0,0.0
1729980600000,67123.93,67123.93,67123.93,67123.93,0.0,1729980659999,0.0,0,0.0,0.0
1729980660000,67123.93,67123.93,67123.93,67123.93,0.0,1729980719999,0.0,0,0.0,0.0
1729980720000,67123.93,67123.93,67123.93,67123.93,0.0,1729980779999,0.0,0,0.0,0.0
1729980780000,67123.93,67123.93,67123.93,67123.93,0.0,1729980839999,0.0,0,0.0,0.0
1729980840000,67221.0,67221.03,67221.0,67221.03,0.00171,1729980899999,114.9479589,2,0.00171,114.9479589
1729980900000,67221.03,67221.03,67221.03,67221.03,0.0,1729980959999,0.0,0,0.0,0.0
1729980960000,67221.03,67221.03,67221.03,67221.03,0.0,1729981019999,0.0,0,0.0,0.0
1729981020000,67221.03,67221.03,67221.03,67221.03,0.0,1729981079999,0.0,0,0.0,0.0
1729981080000,67221.03,67221.03,67221.03,67221.03,0.0,1729981139999,0.0,0,0.0,0.0
1729981140000,67221.03,67221.03,67221.03,67221.03,0.0,1729981199999,0.0,0,0.0,0.0
1729981200000,67221.03,67221.03,67221.03,67221.03,0.0,1729981259999,0.0,0,0.0,0.0
1729981260000,67200.52,67200.52,67200.52,67200.52,0.00083,1729981319999,55.7764316,1,0.00083,55.7764316
1729981320000,67200.52,67200.52,67200.52,67200.52,0.0,1729981379999,0.0,0,0.0,0.0
1729981380000,67200.52,67200.52,67200.52,67200.52,0.0,1729981439999,0.0,0,0.0,0.0
1729981440000,67200.52,67200.52,67200.52,67200.52,0.0,1729981499999,0.0,0,0.0,0.0
1729981500000,67105.17,67105.17,67105.17,67105.17,0.00056,1729981559999,37.5788952,1,0.0,0.0
1729981560000,67105.17,67105.17,67105.17,67105.17,0.0,1729981619999,0.0,0,0.0,0.0
1729981620000,67105.17,67105.17,67105.17,67105.17,0.0,1729981679999,0.0,0,0.0,0.0
1729981680000,67105.78,67105.78,67105.78,67105.78,0.00159,1729981739999,106.6981902,1,0.0,0.0
1729981740000,67105.78,67105.78,67105.78,67105.78,0.0,1729981799999,0.0,0,0.0,0.0
1729981800000,67105.78,67105.78,67105.78,67105.78,0.0,1729981859999,0.0,0,0.0,0.0
1729981860000,67105.78,67105.78,67105.78,67105.78,0.0,1729981919999,0.0,0,0.0,0.0
1729981920000,67182.61,67182.67,67182.61,67182.67,0.00133,1729981979999,89.3529235,2,0.00133,89.3529235
1729981980000,67182.67,67182.67,67182.67,67182.67,0.0,1729982039999,0.0,0,0.0,0.0
1729982040000,67182.67,67182.67,67182.67,67182.67,0.0,1729982099999,0.0,0,0.0,0.0
1729982100000,67182.67,67182.67,67182.67,67182.67,0.0,1729982159999,0.0,0,0.0,0.0
1729982160000,67182.67,67182.67,67182.67,67182.67,0.0,1729982219999,0.0,0,0.0,0.0
1729982220000,67197.89,67197.9,67197.89,67197.9,0.00148,1729982279999,99.4528866,3,0.00148,99.4528866
1729982280000,67197.99,67197.99,67197.97,67197.99,0.0002,1729982339999,13.4395972,4,0.0002,13.4395972
1729982340000,67123.13,67123.13,67123.13,67123.13,0.00322,1729982399999,216.1364786,1,0.0,0.0
1729982400000,67205.25,67205.26,67125.33,67125.33,0.01886,1729982459999,1267.4696199,3,0.01859,1249.3457808
1729982460000,67125.33,67125.33,67125.33,67125.33,0.0,1729982519999,0.0,0,0.0,0.0
1729982520000,67125.33,67125.33,67125.33,67125.33,0.0,1729982579999,0.0,0,0.0,0.0
1729982580000,67205.17,67205.2,67205.17,67205.2,0.00082,1729982639999,55.1082583,2,0.00082,55.1082583
1729982640000,67214.08,67230.3,67214.08,67230.3,0.01238,1729982699999,832.3088432,2,0.01238,832.3088432
1729982700000,67143.62,67143.62,67143.62,67143.62,0.00065,1729982759999,43.643353,1,0.0,0.0
1729982760000,67143.62,67143.62,67143.62,67143.62,0.0,1729982819999,0.0,0,0.0,0.0
1729982820000,67143.62,67143.62,67143.62,67143.62,0.0,1729982879999,0.0,0,0.0,0.0
1729982880000,67207.83,67208.87,67207.83,67208.87,0.00016,1729982939999,10.7533048,4,0.00016,10.7533048
1729982940000,67142.81,67142.81,67140.92,67140.92,0.0085,1729982999999,570.706325,2,0.0,0.0
1729983000000,67140.92,67140.92,67140.92,67140.92,0.0,1729983059999,0.0,0,0.0,0.0
1729983060000,67140.92,67140.92,67140.92,67140.92,0.0,1729983119999,0.0,0,0.0,0.0
1729983120000,67140.92,67140.92,67140.92,67140.92,0.0,1729983179999,0.0,0,0.0,0.0
1729983180000,67140.92,67140.92,67140.92,67140.92,0.0,1729983239999,0.0,0,0.0,0.0
1729983240000,67140.92,67140.92,67140.92,67140.92,0.0,1729983299999,0.0,0,0.0,0.0
1729983300000,67140.92,67140.92,67140.92,67140.92,0.0,1729983359999,0.0,0,0.0,0.0
1729983360000,67192.25,67192.28,67192.25,67192.28,0.00729,1729983419999,489.8316849,2,0.00729,489.8316849
1729983420000,67192.28,67192.28,67192.28,67192.28,0.0,1729983479999,0.0,0,0.0,0.0
1729983480000,67192.34,67192.34,67192.34,67192.34,0.00013,1729983539999,8.7350042,1,0.00013,8.7350042
1729983540000,67192.34,67192.34,67192.34,67192.34,0.0,1729983599999,0.0,0,0.0,0.0
1729983600000,67192.34,67192.34,67192.34,67192.34,0.0,1729983659999,0.0,0,0.0,0.0
1729983660000,67192.34,67192.34,67192.34,67192.34,0.0,1729983719999,0.0,0,0.0,0.0
1729983720000,67172.16,67172.16,67172.16,67172.16,0.00076,1729983779999,51.0508416,2,0.00076,51.0508416
1729983780000,67172.16,67172.16,67172.16,67172.16,0.0,1729983839999,0.0,0,0.0,0.0
1729983840000,67171.46,67171.46,67171.46,67171.46,7e-05,1729983899999,4.7020022,1,7e-05,4.7020022
1729983900000,67171.46,67171.46,67171.46,67171.46,0.0,1729983959999,0.0,0,0.0,0.0
1729983960000,67170.77,67170.78,67170.77,67170.78,0.00122,1729984019999,81.9483445,2,0.00122,81.9483445
1729984020000,67170.27,67170.27,67170.15,67170.15,4e-05,1729984079999,2.6868084,2,4e-05,2.6868084
1729984080000,67170.15,67170.15,67170.15,67170.15,0.0,1729984139999,0.0,0,0.0,0.0
1729984140000,67170.15,67170.15,67170.15,67170.15,0.0,1729984199999,0.0,0,0.0,0.0
1729984200000,67170.15,67170.15,67170.15,67170.15,0.0,1729984259999,0.0,0,0.0,0.0
1729984260000,67167.96,67167.96,67100.0,67100.0,0.00042,1729984319999,28.205786,2,0.00035,23.508786
1729984320000,67100.0,67100.0,67100.0,67100.0,0.0,1729984379999,0.0,0,0.0,0.0
1729984380000,67100.0,67100.0,67100.0,67100.0,0.0,1729984439999,0.0,0,0.0,0.0
1729984440000,67100.0,67100.0,67088.2,67088.2,0.00652,1729984499999,437.462448,3,0.0,0.0
1729984500000,67088.65,67088.65,67088.65,67088.65,0.03877,1729984559999,2601.0269605,1,0.0,0.0
1729984560000,67088.65,67088.65,67088.65,67088.65,0.0,1729984619999,0.0,0,0.0,0.0
1729984620000,67165.97,67165.97,67165.97,67165.97,9e-05,1729984679999,6.0449373,1,9e-05,6.0449373
1729984680000,67088.87,67088.87,67088.87,67088.87,0.00227,1729984739999,152.2917349,1,0.0,0.0
1729984740000,67088.87,67088.87,67088.87,67088.87,0.0,1729984799999,0.0,0,0.0,0.0
1729984800000,67088.87,67088.87,67088.87,67088.87,0.0,1729984859999,0.0,0,0.0,0.0
1729984860000,67089.54,67160.65,67089.54,67091.43,0.00617,1729984919999,414.2565345,5,4e-05,2.686426
1729984920000,67159.0,67160.29,67091.41,67091.41,0.0004,1729984979999,26.8504863,6,0.00012,8.0592348
1729984980000,67159.0,67159.0,67139.0,67139.0,7e-05,1729985039999,4.70033,2,0.0,0.0
1729985040000,67159.1,67159.1,67125.0,67154.85,0.00054,1729985099999,36.262062,4,0.00042,28.205037
1729985100000,67152.0,67152.0,67152.0,67152.0,4e-05,1729985159999,2.68608,1,0.0,0.0
1729985160000,67152.0,67152.0,67152.0,67152.0,0.0,1729985219999,0.0,0,0.0,0.0
1729985220000,67085.3,67152.0,67085.3,67152.0,0.09629,1729985279999,6463.616189,5,0.0,0.0
1729985280000,67152.0,67152.0,67152.0,67152.0,0.0,1729985339999,0.0,0,0.0,0.0
1729985340000,67152.0,67152.0,67152.0,67152.0,4e-05,1729985399999,2.68608,2,0.0,0.0
1729985400000,67152.31,67152.31,67152.31,67152.31,0.00231,1729985459999,155.1218361,1,0.00231,155.1218361
1729985460000,67152.31,67152.31,67152.31,67152.31,0.0,1729985519999,0.0,0,0.0,0.0
1729985520000,67152.24,67152.24,67152.0,67152.01,8e-05,1729985579999,5.372165,3,4e-05,2.686085
1729985580000,67150.0,67150.0,67150.0,67150.0,7e-05,1729985639999,4.7005,1,0.0,0.0
1729985640000,67152.94,67153.1,67152.94,67153.1,0.00261,1729985699999,175.2692838,3,0.00261,175.2692838
1729985700000,67153.1,67153.1,67153.1,67153.1,2e-05,1729985759999,1.343062,1,2e-05,1.343062
1729985760000,67153.1,67153.1,67153.1,67153.1,0.0,1729985819999,0.0,0,0.0,0.0
1729985820000,67153.1,67153.1,67153.1,67153.1,0.0,1729985879999,0.0,0,0.0,0.0
1729985880000,67153.1,67153.1,67153.1,67153.1,0.0,1729985939999,0.0,0,0.0,0.0
1729985940000,67153.1,67153.1,67153.1,67153.1,0.0,1729985999999,0.0,0,0.0,0.0
1729986000000,67153.1,67153.1,67153.1,67153.1,0.0,1729986059999,0.0,0,0.0,0.0
1729986060000,67086.79,67086.79,67086.79,67086.79,0.0001,1729986119999,6.708679,1,0.0,0.0
1729986120000,67086.79,67086.79,67086.79,67086.79,0.0,1729986179999,0.0,0,0.0,0.0
1729986180000,67169.84,67169.84,67169.84,67169.84,0.00065,1729986239999,43.660396,1,0.00065,43.660396
1729986240000,67086.32,67086.32,67086.32,67086.32,0.00074,1729986299999,49.6438768,1,0.0,0.0
1729986300000,67086.32,67086.32,67086.32,67086.32,0.0,1729986359999,0.0,0,0.0,0.0
1729986360000,67086.32,67086.32,67086.32,67086.32,0.0,1729986419999,0.0,0,0.0,0.0
1729986420000,67086.32,67086.32,67086.32,67086.32,0.0,1729986479999,0.0,0,0.0,0.0
1729986480000,67086.32,67086.32,67086.32,67086.32,0.0,1729986539999,0.0,0,0.0,0.0
1729986540000,67086.32,67086.32,67086.32,67086.32,0.0,1729986599999,0.0,0,0.0,0.0
1729986600000,67086.32,67086.32,67086.32,67086.32,0.0,1729986659999,0.0,0,0.0,0.0
1729986660000,67086.32,67086.32,67086.32,67086.32,0.0,1729986719999,0.0,0,0.0,0.0
1729986720000,67086.32,67086.32,67086.32,67086.32,0.0,1729986779999,0.0,0,0.0,0.0
1729986780000,67086.32,67086.32,67086.32,67086.32,0.0,1729986839999,0.0,0,0.0,0.0
1729986840000,67085.04,67146.84,67085.04,67146.84,0.00173,1729986899999,116.1127392,2,0.0009,60.432156
1729986900000,67146.62,67148.21,67146.62,67148.21,0.00111,1729986959999,74.5343382,2,0.00111,74.5343382
1729986960000,67148.21,67148.21,67148.21,67148.21,0.0,1729987019999,0.0,0,0.0,0.0
1729987020000,67148.21,67148.21,67148.21,67148.21,0.0,1729987079999,0.0,0,0.0,0.0
1729987080000,67148.21,67148.21,67148.21,67148.21,0.0,1729987139999,0.0,0,0.0,0.0
1729987140000,67148.24,67148.24,67148.24,67148.24,0.00012,1729987199999,8.0577888,1,0.00012,8.0577888
